Medições   Variâncias  Restrições  Estimações
2038.2000000000007    0.01    1.0    2038.200000000001
135.88000000000005    0.01    -1.0    135.87999999999994
135.88000000000005    0.01    -1.0    135.87999999999994
135.88000000000005    0.01    -1.0    135.87999999999994
135.88000000000005    0.01    -1.0    135.87999999999997
135.88000000000005    0.01    -1.0    135.87999999999997
135.88000000000005    0.01    -1.0    135.87999999999997
135.88000000000005    0.01    -1.0    135.88
135.88000000000005    0.01    -1.0    135.88
135.88000000000005    0.01    -1.0    135.88
135.88000000000005    0.01    -1.0    135.88
135.88000000000005    0.01    -1.0    135.88000000000002
135.88000000000005    0.01    -1.0    135.88000000000002
135.88000000000005    0.01    -1.0    135.88000000000002
135.88000000000005    0.01    -1.0    135.88000000000002
135.88000000000005    0.01    -1.0    135.88000000000005

 Velocidade: 3.3290755941182915
 Variação: 30.0
+-------------+
Medições   Variâncias  Restrições  Estimações
1872.3200000000006    0.01    1.0    1872.3200000000004
133.7371428571429    0.01    -1.0    133.737142857143
133.7371428571429    0.01    -1.0    133.73714285714297
133.7371428571429    0.01    -1.0    133.73714285714297
133.7371428571429    0.01    -1.0    133.73714285714297
133.7371428571429    0.01    -1.0    133.73714285714297
133.7371428571429    0.01    -1.0    133.73714285714297
133.7371428571429    0.01    -1.0    133.73714285714294
133.7371428571429    0.01    -1.0    133.73714285714294
133.7371428571429    0.01    -1.0    133.73714285714294
133.7371428571429    0.01    -1.0    133.73714285714294
133.7371428571429    0.01    -1.0    133.73714285714294
133.7371428571429    0.01    -1.0    133.7371428571429
133.7371428571429    0.01    -1.0    133.7371428571429
133.7371428571429    0.01    -1.0    133.7371428571429

 Velocidade: 3.3824170463398877
 Variação: 60.0
+-------------+
Medições   Variâncias  Restrições  Estimações
1678.5828571428576    0.01    1.0    1678.5828571428576
129.12175824175827    0.01    -1.0    129.12175824175836
129.12175824175827    0.01    -1.0    129.12175824175833
129.12175824175827    0.01    -1.0    129.12175824175833
129.12175824175827    0.01    -1.0    129.12175824175833
129.12175824175827    0.01    -1.0    129.12175824175833
129.12175824175827    0.01    -1.0    129.12175824175833
129.12175824175827    0.01    -1.0    129.1217582417583
129.12175824175827    0.01    -1.0    129.1217582417583
129.12175824175827    0.01    -1.0    129.1217582417583
129.12175824175827    0.01    -1.0    129.1217582417583
129.12175824175827    0.01    -1.0    129.1217582417583
129.12175824175827    0.01    -1.0    129.12175824175827
129.12175824175827    0.01    -1.0    129.12175824175827

 Velocidade: 3.5033196409999037
 Variação: -30.0
+-------------+
Medições   Variâncias  Restrições  Estimações
1579.4610989010994    0.01    1.0    1579.461098901099
131.62175824175827    0.01    -1.0    131.62175824175839
131.62175824175827    0.01    -1.0    131.62175824175836
131.62175824175827    0.01    -1.0    131.62175824175836
131.62175824175827    0.01    -1.0    131.62175824175836
131.62175824175827    0.01    -1.0    131.62175824175833
131.62175824175827    0.01    -1.0    131.62175824175833
131.62175824175827    0.01    -1.0    131.62175824175833
131.62175824175827    0.01    -1.0    131.6217582417583
131.62175824175827    0.01    -1.0    131.6217582417583
131.62175824175827    0.01    -1.0    131.6217582417583
131.62175824175827    0.01    -1.0    131.62175824175827
131.62175824175827    0.01    -1.0    131.62175824175827

 Velocidade: 3.436778217913814
 Variação: 90.0
+-------------+
Medições   Variâncias  Restrições  Estimações
1357.8393406593411    0.01    1.0    1357.8393406593414
123.4399400599401    0.01    -1.0    123.43994005994016
123.4399400599401    0.01    -1.0    123.43994005994016
123.4399400599401    0.01    -1.0    123.43994005994016
123.4399400599401    0.01    -1.0    123.43994005994013
123.4399400599401    0.01    -1.0    123.43994005994013
123.4399400599401    0.01    -1.0    123.4399400599401
123.4399400599401    0.01    -1.0    123.43994005994011
123.4399400599401    0.01    -1.0    123.43994005994011
123.4399400599401    0.01    -1.0    123.43994005994011
123.4399400599401    0.01    -1.0    123.43994005994011
123.4399400599401    0.01    -1.0    123.43994005994011

 Velocidade: 3.6645739742674706
 Variação: 0.0
+-------------+
Medições   Variâncias  Restrições  Estimações
1234.3994005994011    0.01    1.0    1234.3994005994007
123.43994005994011    0.01    -1.0    123.4399400599401
123.43994005994011    0.01    -1.0    123.43994005994013
123.43994005994011    0.01    -1.0    123.43994005994013
123.43994005994011    0.01    -1.0    123.43994005994013
123.43994005994011    0.01    -1.0    123.43994005994013
123.43994005994011    0.01    -1.0    123.43994005994013
123.43994005994011    0.01    -1.0    123.43994005994013
123.43994005994011    0.01    -1.0    123.43994005994011
123.43994005994011    0.01    -1.0    123.43994005994011
123.43994005994011    0.01    -1.0    123.4399400599401

 Velocidade: 3.6645739742674723
 Variação: 30.0
+-------------+
Medições   Variâncias  Restrições  Estimações
1080.959460539461    0.01    1.0    1080.9594605394614
120.10660672660677    0.01    -1.0    120.1066067266068
120.10660672660677    0.01    -1.0    120.1066067266068
120.10660672660677    0.01    -1.0    120.1066067266068
120.10660672660677    0.01    -1.0    120.1066067266068
120.10660672660677    0.01    -1.0    120.10660672660678
120.10660672660677    0.01    -1.0    120.10660672660678
120.10660672660677    0.01    -1.0    120.10660672660678
120.10660672660677    0.01    -1.0    120.10660672660677
120.10660672660677    0.01    -1.0    120.10660672660677

 Velocidade: 3.7662773435808394
 Variação: 90.0
+-------------+
Medições   Variâncias  Restrições  Estimações
870.8528538128542    0.01    1.0    870.8528538128539
108.85660672660677    0.01    -1.0    108.85660672660676
108.85660672660677    0.01    -1.0    108.85660672660676
108.85660672660677    0.01    -1.0    108.85660672660676
108.85660672660677    0.01    -1.0    108.85660672660677
108.85660672660677    0.01    -1.0    108.85660672660677
108.85660672660677    0.01    -1.0    108.85660672660677
108.85660672660677    0.01    -1.0    108.85660672660677
108.85660672660677    0.01    -1.0    108.85660672660677

 Velocidade: 4.155510678969462
 Variação: 90.0
+-------------+
Medições   Variâncias  Restrições  Estimações
671.9962470862474    0.01    1.0    671.9962470862473
95.99946386946392    0.01    -1.0    95.99946386946394
95.99946386946392    0.01    -1.0    95.99946386946394
95.99946386946392    0.01    -1.0    95.99946386946392
95.99946386946392    0.01    -1.0    95.99946386946392
95.99946386946392    0.01    -1.0    95.99946386946392
95.99946386946392    0.01    -1.0    95.99946386946392
95.99946386946392    0.01    -1.0    95.99946386946391

 Velocidade: 4.7120553958914435
 Variação: 60.0
+-------------+
Medições   Variâncias  Restrições  Estimações
515.9967832167836    0.01    1.0    515.9967832167835
85.99946386946392    0.01    -1.0    85.99946386946394
85.99946386946392    0.01    -1.0    85.99946386946394
85.99946386946392    0.01    -1.0    85.99946386946394
85.99946386946392    0.01    -1.0    85.99946386946394
85.99946386946392    0.01    -1.0    85.99946386946392
85.99946386946392    0.01    -1.0    85.99946386946392

 Velocidade: 5.25997222977354
 Variação: 30.0
+-------------+
Medições   Variâncias  Restrições  Estimações
399.99731934731966    0.01    1.0    399.9973193473197
79.99946386946394    0.01    -1.0    79.99946386946394
79.99946386946394    0.01    -1.0    79.99946386946394
79.99946386946394    0.01    -1.0    79.99946386946394
79.99946386946394    0.01    -1.0    79.99946386946394
79.99946386946394    0.01    -1.0    79.99946386946394

 Velocidade: 5.6544727908040215
 Variação: 30.0
+-------------+
Medições   Variâncias  Restrições  Estimações
289.99785547785575    0.01    1.0    289.99785547785575
72.49946386946394    0.01    -1.0    72.49946386946395
72.49946386946394    0.01    -1.0    72.49946386946394
72.49946386946394    0.01    -1.0    72.49946386946394
72.49946386946394    0.01    -1.0    72.49946386946394

 Velocidade: 6.239422577569164
 Variação: 60.0
+-------------+
Medições   Variâncias  Restrições  Estimações
157.4983916083918    0.01    1.0    157.4983916083918
52.49946386946394    0.01    -1.0    52.49946386946394
52.49946386946394    0.01    -1.0    52.49946386946394
52.49946386946394    0.01    -1.0    52.49946386946394

 Velocidade: 8.61636973767085
 Variação: 60.0
+-------------+
Medições   Variâncias  Restrições  Estimações
44.998927738927875    0.01    1.0    44.998927738927875
22.499463869463938    0.01    -1.0    22.499463869463938
22.499463869463938    0.01    -1.0    22.499463869463938

 Velocidade: 20.10513647583954
 Variação: -30.0
+-------------+
Medições   Variâncias  Restrições  Estimações
52.49946386946394    0.01    1.0    52.49946386946394
52.49946386946394    0.01    -1.0    52.49946386946394

 Velocidade: 8.61636973767085
 Variação: 30.0
+-------------+
