Medições   Variâncias  Restrições  Estimações
2039.1    0.01    1.0    2039.0999999999995
135.94    0.01    -1.0    135.93999999999997
135.94    0.01    -1.0    135.93999999999997
135.94    0.01    -1.0    135.93999999999997
135.94    0.01    -1.0    135.93999999999997
135.94    0.01    -1.0    135.93999999999997
135.94    0.01    -1.0    135.93999999999997
135.94    0.01    -1.0    135.93999999999997
135.94    0.01    -1.0    135.93999999999997
135.94    0.01    -1.0    135.93999999999997
135.94    0.01    -1.0    135.93999999999997
135.94    0.01    -1.0    135.94
135.94    0.01    -1.0    135.94
135.94    0.01    -1.0    135.94
135.94    0.01    -1.0    135.94
135.94    0.01    -1.0    135.94

 Velocidade: 3.677185811255765
 Variação: 0.0
+-------------+
Medições   Variâncias  Restrições  Estimações
1903.1599999999999    0.01    1.0    1903.1599999999994
135.94    0.01    -1.0    135.93999999999997
135.94    0.01    -1.0    135.93999999999997
135.94    0.01    -1.0    135.93999999999997
135.94    0.01    -1.0    135.93999999999997
135.94    0.01    -1.0    135.93999999999997
135.94    0.01    -1.0    135.93999999999997
135.94    0.01    -1.0    135.93999999999997
135.94    0.01    -1.0    135.94
135.94    0.01    -1.0    135.94
135.94    0.01    -1.0    135.94
135.94    0.01    -1.0    135.94
135.94    0.01    -1.0    135.94
135.94    0.01    -1.0    135.94
135.94    0.01    -1.0    135.94

 Velocidade: 3.677185811255765
 Variação: 0.0
+-------------+
Medições   Variâncias  Restrições  Estimações
1767.2199999999998    0.01    1.0    1767.2200000000003
135.94    0.01    -1.0    135.93999999999994
135.94    0.01    -1.0    135.93999999999994
135.94    0.01    -1.0    135.93999999999994
135.94    0.01    -1.0    135.93999999999994
135.94    0.01    -1.0    135.93999999999994
135.94    0.01    -1.0    135.93999999999997
135.94    0.01    -1.0    135.93999999999997
135.94    0.01    -1.0    135.93999999999997
135.94    0.01    -1.0    135.93999999999997
135.94    0.01    -1.0    135.93999999999997
135.94    0.01    -1.0    135.93999999999997
135.94    0.01    -1.0    135.94
135.94    0.01    -1.0    135.94

 Velocidade: 3.677185811255766
 Variação: 30.0
+-------------+
Medições   Variâncias  Restrições  Estimações
1601.2799999999997    0.01    1.0    1601.279999999999
133.43999999999997    0.01    -1.0    133.43999999999988
133.43999999999997    0.01    -1.0    133.43999999999988
133.43999999999997    0.01    -1.0    133.43999999999988
133.43999999999997    0.01    -1.0    133.4399999999999
133.43999999999997    0.01    -1.0    133.4399999999999
133.43999999999997    0.01    -1.0    133.4399999999999
133.43999999999997    0.01    -1.0    133.4399999999999
133.43999999999997    0.01    -1.0    133.43999999999994
133.43999999999997    0.01    -1.0    133.43999999999994
133.43999999999997    0.01    -1.0    133.43999999999994
133.43999999999997    0.01    -1.0    133.43999999999994
133.43999999999997    0.01    -1.0    133.43999999999997

 Velocidade: 3.746077931520601
 Variação: 0.0
+-------------+
Medições   Variâncias  Restrições  Estimações
1467.8399999999997    0.01    1.0    1467.8399999999992
133.43999999999997    0.01    -1.0    133.44000000000005
133.43999999999997    0.01    -1.0    133.44000000000005
133.43999999999997    0.01    -1.0    133.44000000000003
133.43999999999997    0.01    -1.0    133.44000000000003
133.43999999999997    0.01    -1.0    133.44
133.43999999999997    0.01    -1.0    133.44
133.43999999999997    0.01    -1.0    133.44
133.43999999999997    0.01    -1.0    133.43999999999997
133.43999999999997    0.01    -1.0    133.43999999999997
133.43999999999997    0.01    -1.0    133.43999999999997
133.43999999999997    0.01    -1.0    133.43999999999994

 Velocidade: 3.7460779315205963
 Variação: 0.0
+-------------+
Medições   Variâncias  Restrições  Estimações
1334.3999999999996    0.01    1.0    1334.3999999999992
133.43999999999997    0.01    -1.0    133.43999999999994
133.43999999999997    0.01    -1.0    133.43999999999994
133.43999999999997    0.01    -1.0    133.43999999999994
133.43999999999997    0.01    -1.0    133.43999999999994
133.43999999999997    0.01    -1.0    133.43999999999994
133.43999999999997    0.01    -1.0    133.43999999999994
133.43999999999997    0.01    -1.0    133.43999999999994
133.43999999999997    0.01    -1.0    133.43999999999994
133.43999999999997    0.01    -1.0    133.43999999999994
133.43999999999997    0.01    -1.0    133.43999999999994

 Velocidade: 3.7460779315205994
 Variação: 60.0
+-------------+
Medições   Variâncias  Restrições  Estimações
1140.9599999999996    0.01    1.0    1140.9599999999998
126.77333333333328    0.01    -1.0    126.77333333333335
126.77333333333328    0.01    -1.0    126.77333333333333
126.77333333333328    0.01    -1.0    126.77333333333333
126.77333333333328    0.01    -1.0    126.77333333333333
126.77333333333328    0.01    -1.0    126.7733333333333
126.77333333333328    0.01    -1.0    126.7733333333333
126.77333333333328    0.01    -1.0    126.7733333333333
126.77333333333328    0.01    -1.0    126.7733333333333
126.77333333333328    0.01    -1.0    126.77333333333328

 Velocidade: 3.9430740364596275
 Variação: -60.0
+-------------+
Medições   Variâncias  Restrições  Estimações
1074.1866666666663    0.01    1.0    1074.186666666666
134.27333333333328    0.01    -1.0    134.27333333333334
134.27333333333328    0.01    -1.0    134.2733333333333
134.27333333333328    0.01    -1.0    134.2733333333333
134.27333333333328    0.01    -1.0    134.2733333333333
134.27333333333328    0.01    -1.0    134.2733333333333
134.27333333333328    0.01    -1.0    134.2733333333333
134.27333333333328    0.01    -1.0    134.27333333333328
134.27333333333328    0.01    -1.0    134.27333333333328

 Velocidade: 3.722828850470001
 Variação: 30.0
+-------------+
Medições   Variâncias  Restrições  Estimações
909.913333333333    0.01    1.0    909.9133333333328
129.987619047619    0.01    -1.0    129.98761904761898
129.987619047619    0.01    -1.0    129.98761904761898
129.987619047619    0.01    -1.0    129.98761904761898
129.987619047619    0.01    -1.0    129.98761904761898
129.987619047619    0.01    -1.0    129.98761904761898
129.987619047619    0.01    -1.0    129.98761904761898
129.987619047619    0.01    -1.0    129.987619047619

 Velocidade: 3.8455711616579915
 Variação: 0.0
+-------------+
Medições   Variâncias  Restrições  Estimações
779.925714285714    0.01    1.0    779.9257142857142
129.987619047619    0.01    -1.0    129.9876190476191
129.987619047619    0.01    -1.0    129.98761904761906
129.987619047619    0.01    -1.0    129.98761904761906
129.987619047619    0.01    -1.0    129.98761904761903
129.987619047619    0.01    -1.0    129.98761904761903
129.987619047619    0.01    -1.0    129.987619047619

 Velocidade: 3.8455711616579884
 Variação: -90.0
+-------------+
Medições   Variâncias  Restrições  Estimações
739.938095238095    0.01    1.0    739.938095238095
147.987619047619    0.01    -1.0    147.987619047619
147.987619047619    0.01    -1.0    147.987619047619
147.987619047619    0.01    -1.0    147.987619047619
147.987619047619    0.01    -1.0    147.987619047619
147.987619047619    0.01    -1.0    147.987619047619

 Velocidade: 3.37782743177495
 Variação: 0.0
+-------------+
Medições   Variâncias  Restrições  Estimações
591.950476190476    0.01    1.0    591.9504761904759
147.987619047619    0.01    -1.0    147.98761904761903
147.987619047619    0.01    -1.0    147.987619047619
147.987619047619    0.01    -1.0    147.987619047619
147.987619047619    0.01    -1.0    147.98761904761898

 Velocidade: 3.3778274317749495
 Variação: 60.0
+-------------+
Medições   Variâncias  Restrições  Estimações
383.96285714285705    0.01    1.0    383.96285714285705
127.98761904761902    0.01    -1.0    127.987619047619
127.98761904761902    0.01    -1.0    127.987619047619
127.98761904761902    0.01    -1.0    127.987619047619

 Velocidade: 3.9056640236125086
 Variação: -60.0
+-------------+
