Medições   Variâncias  Restrições  Estimações
2609.7000000000003    0.01    1.0    2609.7
173.98000000000002    0.01    -1.0    173.97999999999996
173.98000000000002    0.01    -1.0    173.97999999999996
173.98000000000002    0.01    -1.0    173.97999999999996
173.98000000000002    0.01    -1.0    173.98
173.98000000000002    0.01    -1.0    173.98
173.98000000000002    0.01    -1.0    173.98
173.98000000000002    0.01    -1.0    173.98
173.98000000000002    0.01    -1.0    173.98
173.98000000000002    0.01    -1.0    173.98000000000002
173.98000000000002    0.01    -1.0    173.98000000000002
173.98000000000002    0.01    -1.0    173.98000000000002
173.98000000000002    0.01    -1.0    173.98000000000002
173.98000000000002    0.01    -1.0    173.98000000000002
173.98000000000002    0.01    -1.0    173.98000000000002
173.98000000000002    0.01    -1.0    173.98000000000005

 Velocidade: 3.8007080495404235
 Variação: 0.0
+-------------+
Medições   Variâncias  Restrições  Estimações
2435.7200000000003    0.01    1.0    2435.7200000000003
173.98000000000002    0.01    -1.0    173.98000000000016
173.98000000000002    0.01    -1.0    173.98000000000013
173.98000000000002    0.01    -1.0    173.98000000000013
173.98000000000002    0.01    -1.0    173.98000000000013
173.98000000000002    0.01    -1.0    173.9800000000001
173.98000000000002    0.01    -1.0    173.9800000000001
173.98000000000002    0.01    -1.0    173.9800000000001
173.98000000000002    0.01    -1.0    173.98000000000008
173.98000000000002    0.01    -1.0    173.98000000000008
173.98000000000002    0.01    -1.0    173.98000000000008
173.98000000000002    0.01    -1.0    173.98000000000005
173.98000000000002    0.01    -1.0    173.98000000000005
173.98000000000002    0.01    -1.0    173.98000000000005
173.98000000000002    0.01    -1.0    173.98000000000002

 Velocidade: 3.800708049540419
 Variação: 30.0
+-------------+
Medições   Variâncias  Restrições  Estimações
2231.7400000000002    0.01    1.0    2231.7399999999984
171.6723076923077    0.01    -1.0    171.67230769230767
171.6723076923077    0.01    -1.0    171.67230769230767
171.6723076923077    0.01    -1.0    171.67230769230767
171.6723076923077    0.01    -1.0    171.67230769230767
171.6723076923077    0.01    -1.0    171.67230769230767
171.6723076923077    0.01    -1.0    171.67230769230767
171.6723076923077    0.01    -1.0    171.67230769230767
171.6723076923077    0.01    -1.0    171.67230769230767
171.6723076923077    0.01    -1.0    171.6723076923077
171.6723076923077    0.01    -1.0    171.6723076923077
171.6723076923077    0.01    -1.0    171.6723076923077
171.6723076923077    0.01    -1.0    171.6723076923077
171.6723076923077    0.01    -1.0    171.6723076923077

 Velocidade: 3.8517987865824677
 Variação: 0.0
+-------------+
Medições   Variâncias  Restrições  Estimações
2060.0676923076926    0.01    1.0    2060.0676923076935
171.67230769230773    0.01    -1.0    171.6723076923077
171.67230769230773    0.01    -1.0    171.6723076923077
171.67230769230773    0.01    -1.0    171.6723076923077
171.67230769230773    0.01    -1.0    171.6723076923077
171.67230769230773    0.01    -1.0    171.6723076923077
171.67230769230773    0.01    -1.0    171.6723076923077
171.67230769230773    0.01    -1.0    171.67230769230773
171.67230769230773    0.01    -1.0    171.67230769230773
171.67230769230773    0.01    -1.0    171.67230769230773
171.67230769230773    0.01    -1.0    171.67230769230773
171.67230769230773    0.01    -1.0    171.67230769230773
171.67230769230773    0.01    -1.0    171.67230769230773

 Velocidade: 3.851798786582467
 Variação: -90.0
+-------------+
Medições   Variâncias  Restrições  Estimações
1978.395384615385    0.01    1.0    1978.395384615385
179.8541258741259    0.01    -1.0    179.85412587412594
179.8541258741259    0.01    -1.0    179.85412587412594
179.8541258741259    0.01    -1.0    179.85412587412594
179.8541258741259    0.01    -1.0    179.85412587412594
179.8541258741259    0.01    -1.0    179.85412587412594
179.8541258741259    0.01    -1.0    179.85412587412594
179.8541258741259    0.01    -1.0    179.85412587412594
179.8541258741259    0.01    -1.0    179.85412587412594
179.8541258741259    0.01    -1.0    179.8541258741259
179.8541258741259    0.01    -1.0    179.8541258741259
179.8541258741259    0.01    -1.0    179.8541258741259

 Velocidade: 3.6765750201462053
 Variação: 60.0
+-------------+
Medições   Variâncias  Restrições  Estimações
1738.541258741259    0.01    1.0    1738.5412587412595
173.8541258741259    0.01    -1.0    173.85412587412594
173.8541258741259    0.01    -1.0    173.85412587412594
173.8541258741259    0.01    -1.0    173.85412587412594
173.8541258741259    0.01    -1.0    173.85412587412594
173.8541258741259    0.01    -1.0    173.85412587412594
173.8541258741259    0.01    -1.0    173.85412587412594
173.8541258741259    0.01    -1.0    173.85412587412594
173.8541258741259    0.01    -1.0    173.85412587412594
173.8541258741259    0.01    -1.0    173.85412587412594
173.8541258741259    0.01    -1.0    173.85412587412594

 Velocidade: 3.803459843902696
 Variação: -120.0
+-------------+
Medições   Variâncias  Restrições  Estimações
1684.6871328671332    0.01    1.0    1684.6871328671339
187.18745920745926    0.01    -1.0    187.18745920745937
187.18745920745926    0.01    -1.0    187.18745920745934
187.18745920745926    0.01    -1.0    187.18745920745934
187.18745920745926    0.01    -1.0    187.18745920745934
187.18745920745926    0.01    -1.0    187.1874592074593
187.18745920745926    0.01    -1.0    187.1874592074593
187.18745920745926    0.01    -1.0    187.1874592074593
187.18745920745926    0.01    -1.0    187.1874592074593
187.18745920745926    0.01    -1.0    187.18745920745928

 Velocidade: 3.5325399963155877
 Variação: 60.0
+-------------+
Medições   Variâncias  Restrições  Estimações
1437.499673659674    0.01    1.0    1437.4996736596747
179.68745920745926    0.01    -1.0    179.6874592074593
179.68745920745926    0.01    -1.0    179.6874592074593
179.68745920745926    0.01    -1.0    179.68745920745928
179.68745920745926    0.01    -1.0    179.68745920745928
179.68745920745926    0.01    -1.0    179.68745920745928
179.68745920745926    0.01    -1.0    179.68745920745928
179.68745920745926    0.01    -1.0    179.68745920745928
179.68745920745926    0.01    -1.0    179.68745920745928

 Velocidade: 3.679985177460802
 Variação: 0.0
+-------------+
Medições   Variâncias  Restrições  Estimações
1257.812214452215    0.01    1.0    1257.8122144522151
179.68745920745928    0.01    -1.0    179.68745920745934
179.68745920745928    0.01    -1.0    179.6874592074593
179.68745920745928    0.01    -1.0    179.6874592074593
179.68745920745928    0.01    -1.0    179.6874592074593
179.68745920745928    0.01    -1.0    179.6874592074593
179.68745920745928    0.01    -1.0    179.68745920745928
179.68745920745928    0.01    -1.0    179.68745920745928

 Velocidade: 3.679985177460801
 Variação: 120.0
+-------------+
Medições   Variâncias  Restrições  Estimações
958.1247552447556    0.01    1.0    958.1247552447555
159.68745920745928    0.01    -1.0    159.68745920745928
159.68745920745928    0.01    -1.0    159.68745920745928
159.68745920745928    0.01    -1.0    159.68745920745928
159.68745920745928    0.01    -1.0    159.68745920745926
159.68745920745928    0.01    -1.0    159.68745920745926
159.68745920745928    0.01    -1.0    159.68745920745926

 Velocidade: 4.140883634449828
 Variação: -60.0
+-------------+
Medições   Variâncias  Restrições  Estimações
858.4372960372964    0.01    1.0    858.4372960372966
171.68745920745928    0.01    -1.0    171.6874592074593
171.68745920745928    0.01    -1.0    171.6874592074593
171.68745920745928    0.01    -1.0    171.6874592074593
171.68745920745928    0.01    -1.0    171.68745920745928
171.68745920745928    0.01    -1.0    171.68745920745928

 Velocidade: 3.851458863166131
 Variação: 60.0
+-------------+
Medições   Variâncias  Restrições  Estimações
626.7498368298371    0.01    1.0    626.749836829837
156.68745920745928    0.01    -1.0    156.68745920745923
156.68745920745928    0.01    -1.0    156.68745920745926
156.68745920745928    0.01    -1.0    156.68745920745926
156.68745920745928    0.01    -1.0    156.68745920745928

 Velocidade: 4.220166628546387
 Variação: 120.0
+-------------+
Medições   Variâncias  Restrições  Estimações
350.0623776223779    0.01    1.0    350.0623776223779
116.6874592074593    0.01    -1.0    116.68745920745928
116.6874592074593    0.01    -1.0    116.68745920745928
116.6874592074593    0.01    -1.0    116.68745920745928

 Velocidade: 5.666823075506406
 Variação: -120.0
+-------------+
Medições   Variâncias  Restrições  Estimações
353.37491841491857    0.01    1.0    353.3749184149185
176.68745920745928    0.01    -1.0    176.68745920745928
176.68745920745928    0.01    -1.0    176.68745920745928

 Velocidade: 3.742468137948789
 Variação: -60.0
+-------------+
