Medições   Variâncias  Restrições  Estimações
2292,6    0,01    1,0    2292,6000000000013
152,84    0,01    -1,0    152,8400000000001
152,84    0,01    -1,0    152,84000000000006
152,84    0,01    -1,0    152,84000000000006
152,84    0,01    -1,0    152,84000000000006
152,84    0,01    -1,0    152,84000000000006
152,84    0,01    -1,0    152,84000000000006
152,84    0,01    -1,0    152,84000000000006
152,84    0,01    -1,0    152,84000000000003
152,84    0,01    -1,0    152,84000000000003
152,84    0,01    -1,0    152,84000000000003
152,84    0,01    -1,0    152,84000000000003
152,84    0,01    -1,0    152,84000000000003
152,84    0,01    -1,0    152,84
152,84    0,01    -1,0    152,84
152,84    0,01    -1,0    152,84

 Velocidade: 5,602987075573076
 Variação: 30,0
+-------------+
Medições   Variâncias  Restrições  Estimações
2109,7599999999998    0,01    1,0    2109,76
150,69714285714284    0,01    -1,0    150,69714285714278
150,69714285714284    0,01    -1,0    150,69714285714278
150,69714285714284    0,01    -1,0    150,69714285714278
150,69714285714284    0,01    -1,0    150,69714285714278
150,69714285714284    0,01    -1,0    150,69714285714278
150,69714285714284    0,01    -1,0    150,6971428571428
150,69714285714284    0,01    -1,0    150,6971428571428
150,69714285714284    0,01    -1,0    150,6971428571428
150,69714285714284    0,01    -1,0    150,6971428571428
150,69714285714284    0,01    -1,0    150,6971428571428
150,69714285714284    0,01    -1,0    150,6971428571428
150,69714285714284    0,01    -1,0    150,69714285714284
150,69714285714284    0,01    -1,0    150,69714285714284
150,69714285714284    0,01    -1,0    150,69714285714284

 Velocidade: 5,6826594611843335
 Variação: -60,0
+-------------+
Medições   Variâncias  Restrições  Estimações
2019,062857142857    0,01    1,0    2019,0628571428579
155,31252747252745    0,01    -1,0    155,31252747252742
155,31252747252745    0,01    -1,0    155,31252747252745
155,31252747252745    0,01    -1,0    155,31252747252745
155,31252747252745    0,01    -1,0    155,31252747252745
155,31252747252745    0,01    -1,0    155,31252747252745
155,31252747252745    0,01    -1,0    155,31252747252745
155,31252747252745    0,01    -1,0    155,31252747252745
155,31252747252745    0,01    -1,0    155,31252747252745
155,31252747252745    0,01    -1,0    155,31252747252745
155,31252747252745    0,01    -1,0    155,31252747252748
155,31252747252745    0,01    -1,0    155,31252747252748
155,31252747252745    0,01    -1,0    155,31252747252748
155,31252747252745    0,01    -1,0    155,31252747252748

 Velocidade: 5,513789251688455
 Variação: -150,0
+-------------+
Medições   Variâncias  Restrições  Estimações
2013,7503296703294    0,01    1,0    2013,7503296703298
167,81252747252745    0,01    -1,0    167,81252747252745
167,81252747252745    0,01    -1,0    167,81252747252745
167,81252747252745    0,01    -1,0    167,81252747252745
167,81252747252745    0,01    -1,0    167,81252747252745
167,81252747252745    0,01    -1,0    167,81252747252745
167,81252747252745    0,01    -1,0    167,81252747252745
167,81252747252745    0,01    -1,0    167,81252747252745
167,81252747252745    0,01    -1,0    167,81252747252745
167,81252747252745    0,01    -1,0    167,81252747252748
167,81252747252745    0,01    -1,0    167,81252747252748
167,81252747252745    0,01    -1,0    167,81252747252748
167,81252747252745    0,01    -1,0    167,81252747252748

 Velocidade: 5,1030787601407415
 Variação: 30,0
+-------------+
Medições   Variâncias  Restrições  Estimações
1815,9378021978018    0,01    1,0    1815,9378021978023
165,0852547452547    0,01    -1,0    165,08525474525464
165,0852547452547    0,01    -1,0    165,08525474525464
165,0852547452547    0,01    -1,0    165,08525474525464
165,0852547452547    0,01    -1,0    165,08525474525467
165,0852547452547    0,01    -1,0    165,08525474525467
165,0852547452547    0,01    -1,0    165,08525474525467
165,0852547452547    0,01    -1,0    165,08525474525467
165,0852547452547    0,01    -1,0    165,08525474525467
165,0852547452547    0,01    -1,0    165,08525474525467
165,0852547452547    0,01    -1,0    165,0852547452547
165,0852547452547    0,01    -1,0    165,0852547452547

 Velocidade: 5,187383609469249
 Variação: 60,0
+-------------+
Medições   Variâncias  Restrições  Estimações
1590,8525474525472    0,01    1,0    1590,8525474525482
159,08525474525473    0,01    -1,0    159,08525474525487
159,08525474525473    0,01    -1,0    159,08525474525484
159,08525474525473    0,01    -1,0    159,08525474525484
159,08525474525473    0,01    -1,0    159,08525474525482
159,08525474525473    0,01    -1,0    159,08525474525482
159,08525474525473    0,01    -1,0    159,0852547452548
159,08525474525473    0,01    -1,0    159,0852547452548
159,08525474525473    0,01    -1,0    159,08525474525476
159,08525474525473    0,01    -1,0    159,08525474525476
159,08525474525473    0,01    -1,0    159,08525474525476

 Velocidade: 5,383029030577912
 Variação: -60,0
+-------------+
Medições   Variâncias  Restrições  Estimações
1491,7672927072924    0,01    1,0    1491,7672927072927
165,7519214119214    0,01    -1,0    165,75192141192136
165,7519214119214    0,01    -1,0    165,75192141192136
165,7519214119214    0,01    -1,0    165,7519214119214
165,7519214119214    0,01    -1,0    165,7519214119214
165,7519214119214    0,01    -1,0    165,7519214119214
165,7519214119214    0,01    -1,0    165,7519214119214
165,7519214119214    0,01    -1,0    165,7519214119214
165,7519214119214    0,01    -1,0    165,75192141192142
165,7519214119214    0,01    -1,0    165,75192141192142

 Velocidade: 5,1665195633080465
 Variação: -30,0
+-------------+
Medições   Variâncias  Restrições  Estimações
1356,015371295371    0,01    1,0    1356,0153712953709
169,5019214119214    0,01    -1,0    169,5019214119214
169,5019214119214    0,01    -1,0    169,5019214119214
169,5019214119214    0,01    -1,0    169,50192141192142
169,5019214119214    0,01    -1,0    169,50192141192142
169,5019214119214    0,01    -1,0    169,50192141192142
169,5019214119214    0,01    -1,0    169,50192141192142
169,5019214119214    0,01    -1,0    169,50192141192142
169,5019214119214    0,01    -1,0    169,50192141192142

 Velocidade: 5,052217328849466
 Variação: -30,0
+-------------+
Medições   Variâncias  Restrições  Estimações
1216,5134498834498    0,01    1,0    1216,5134498834502
173,7876356976357    0,01    -1,0    173,78763569763564
173,7876356976357    0,01    -1,0    173,78763569763564
173,7876356976357    0,01    -1,0    173,78763569763566
173,7876356976357    0,01    -1,0    173,78763569763566
173,7876356976357    0,01    -1,0    173,7876356976357
173,7876356976357    0,01    -1,0    173,7876356976357
173,7876356976357    0,01    -1,0    173,7876356976357

 Velocidade: 4,927626417109029
 Variação: 0,0
+-------------+
Medições   Variâncias  Restrições  Estimações
1042,725814185814    0,01    1,0    1042,725814185814
173,78763569763566    0,01    -1,0    173,78763569763564
173,78763569763566    0,01    -1,0    173,78763569763564
173,78763569763566    0,01    -1,0    173,78763569763566
173,78763569763566    0,01    -1,0    173,78763569763566
173,78763569763566    0,01    -1,0    173,78763569763566
173,78763569763566    0,01    -1,0    173,7876356976357

 Velocidade: 4,927626417109029
 Variação: -60,0
+-------------+
Medições   Variâncias  Restrições  Estimações
928,9381784881783    0,01    1,0    928,9381784881784
185,78763569763566    0,01    -1,0    185,7876356976357
185,78763569763566    0,01    -1,0    185,7876356976357
185,78763569763566    0,01    -1,0    185,78763569763566
185,78763569763566    0,01    -1,0    185,78763569763566
185,78763569763566    0,01    -1,0    185,78763569763564

 Velocidade: 4,609351647190844
 Variação: -120,0
+-------------+
Medições   Variâncias  Restrições  Estimações
863,1505427905427    0,01    1,0    863,1505427905427
215,78763569763566    0,01    -1,0    215,78763569763564
215,78763569763566    0,01    -1,0    215,78763569763564
215,78763569763566    0,01    -1,0    215,78763569763564
215,78763569763566    0,01    -1,0    215,78763569763564

 Velocidade: 3,968533886855931
 Variação: -30,0
+-------------+
Medições   Variâncias  Restrições  Estimações
677,362907092907    0,01    1,0    677,3629070929069
225,78763569763566    0,01    -1,0    225,7876356976356
225,78763569763566    0,01    -1,0    225,78763569763564
225,78763569763566    0,01    -1,0    225,78763569763564

 Velocidade: 3,7927698830124963
 Variação: -30,0
+-------------+
Medições   Variâncias  Restrições  Estimações
481,57527139527133    0,01    1,0    481,57527139527133
240,78763569763566    0,01    -1,0    240,7876356976356
240,78763569763566    0,01    -1,0    240,78763569763564

 Velocidade: 3,5564971687580655
 Variação: 30,0
+-------------+
Medições   Variâncias  Restrições  Estimações
210,78763569763566    0,01    1,0    210,78763569763566
210,78763569763566    0,01    -1,0    210,78763569763566

 Velocidade: 4,0626697187257985
 Variação: 60,0
+-------------+
