Medições   Variâncias  Restrições  Estimações
2338.6500000000005    0.01    1.0    2338.6500000000005
155.91000000000003    0.01    -1.0    155.91000000000022
155.91000000000003    0.01    -1.0    155.91000000000022
155.91000000000003    0.01    -1.0    155.9100000000002
155.91000000000003    0.01    -1.0    155.9100000000002
155.91000000000003    0.01    -1.0    155.91000000000017
155.91000000000003    0.01    -1.0    155.91000000000017
155.91000000000003    0.01    -1.0    155.91000000000014
155.91000000000003    0.01    -1.0    155.91000000000014
155.91000000000003    0.01    -1.0    155.9100000000001
155.91000000000003    0.01    -1.0    155.9100000000001
155.91000000000003    0.01    -1.0    155.91000000000008
155.91000000000003    0.01    -1.0    155.91000000000008
155.91000000000003    0.01    -1.0    155.91000000000005
155.91000000000003    0.01    -1.0    155.91000000000005
155.91000000000003    0.01    -1.0    155.91000000000003

 Velocidade: 4.8512728200078685
 Variação: -60.0
+-------------+
Medições   Variâncias  Restrições  Estimações
2242.7400000000007    0.01    1.0    2242.740000000001
160.19571428571433    0.01    -1.0    160.19571428571433
160.19571428571433    0.01    -1.0    160.19571428571433
160.19571428571433    0.01    -1.0    160.19571428571433
160.19571428571433    0.01    -1.0    160.19571428571433
160.19571428571433    0.01    -1.0    160.19571428571433
160.19571428571433    0.01    -1.0    160.19571428571433
160.19571428571433    0.01    -1.0    160.19571428571433
160.19571428571433    0.01    -1.0    160.19571428571433
160.19571428571433    0.01    -1.0    160.19571428571433
160.19571428571433    0.01    -1.0    160.19571428571433
160.19571428571433    0.01    -1.0    160.19571428571433
160.19571428571433    0.01    -1.0    160.19571428571433
160.19571428571433    0.01    -1.0    160.19571428571433
160.19571428571433    0.01    -1.0    160.19571428571433

 Velocidade: 4.721486768481405
 Variação: 90.0
+-------------+
Medições   Variâncias  Restrições  Estimações
1992.5442857142864    0.01    1.0    1992.5442857142864
153.27263736263743    0.01    -1.0    153.27263736263728
153.27263736263743    0.01    -1.0    153.27263736263728
153.27263736263743    0.01    -1.0    153.2726373626373
153.27263736263743    0.01    -1.0    153.2726373626373
153.27263736263743    0.01    -1.0    153.27263736263734
153.27263736263743    0.01    -1.0    153.27263736263734
153.27263736263743    0.01    -1.0    153.27263736263737
153.27263736263743    0.01    -1.0    153.27263736263737
153.27263736263743    0.01    -1.0    153.2726373626374
153.27263736263743    0.01    -1.0    153.2726373626374
153.27263736263743    0.01    -1.0    153.2726373626374
153.27263736263743    0.01    -1.0    153.27263736263743
153.27263736263743    0.01    -1.0    153.27263736263743

 Velocidade: 4.9347486830144645
 Variação: 30.0
+-------------+
Medições   Variâncias  Restrições  Estimações
1809.271648351649    0.01    1.0    1809.2716483516483
150.77263736263743    0.01    -1.0    150.7726373626373
150.77263736263743    0.01    -1.0    150.77263736263734
150.77263736263743    0.01    -1.0    150.77263736263734
150.77263736263743    0.01    -1.0    150.77263736263734
150.77263736263743    0.01    -1.0    150.77263736263737
150.77263736263743    0.01    -1.0    150.77263736263737
150.77263736263743    0.01    -1.0    150.77263736263737
150.77263736263743    0.01    -1.0    150.7726373626374
150.77263736263743    0.01    -1.0    150.7726373626374
150.77263736263743    0.01    -1.0    150.77263736263743
150.77263736263743    0.01    -1.0    150.77263736263743
150.77263736263743    0.01    -1.0    150.77263736263745

 Velocidade: 5.016573024110677
 Variação: 0.0
+-------------+
Medições   Variâncias  Restrições  Estimações
1658.4990109890116    0.01    1.0    1658.4990109890114
150.77263736263743    0.01    -1.0    150.7726373626374
150.77263736263743    0.01    -1.0    150.7726373626374
150.77263736263743    0.01    -1.0    150.7726373626374
150.77263736263743    0.01    -1.0    150.7726373626374
150.77263736263743    0.01    -1.0    150.7726373626374
150.77263736263743    0.01    -1.0    150.7726373626374
150.77263736263743    0.01    -1.0    150.7726373626374
150.77263736263743    0.01    -1.0    150.77263736263743
150.77263736263743    0.01    -1.0    150.77263736263743
150.77263736263743    0.01    -1.0    150.77263736263743
150.77263736263743    0.01    -1.0    150.77263736263743

 Velocidade: 5.016573024110674
 Variação: 60.0
+-------------+
Medições   Variâncias  Restrições  Estimações
1447.7263736263742    0.01    1.0    1447.726373626374
144.77263736263743    0.01    -1.0    144.7726373626373
144.77263736263743    0.01    -1.0    144.77263736263734
144.77263736263743    0.01    -1.0    144.77263736263734
144.77263736263743    0.01    -1.0    144.77263736263737
144.77263736263743    0.01    -1.0    144.77263736263737
144.77263736263743    0.01    -1.0    144.7726373626374
144.77263736263743    0.01    -1.0    144.7726373626374
144.77263736263743    0.01    -1.0    144.77263736263743
144.77263736263743    0.01    -1.0    144.77263736263743
144.77263736263743    0.01    -1.0    144.77263736263745

 Velocidade: 5.224481360195408
 Variação: -30.0
+-------------+
Medições   Variâncias  Restrições  Estimações
1332.9537362637368    0.01    1.0    1332.953736263737
148.10597069597077    0.01    -1.0    148.10597069597083
148.10597069597077    0.01    -1.0    148.1059706959708
148.10597069597077    0.01    -1.0    148.1059706959708
148.10597069597077    0.01    -1.0    148.1059706959708
148.10597069597077    0.01    -1.0    148.10597069597077
148.10597069597077    0.01    -1.0    148.10597069597077
148.10597069597077    0.01    -1.0    148.10597069597077
148.10597069597077    0.01    -1.0    148.10597069597074
148.10597069597077    0.01    -1.0    148.10597069597074

 Velocidade: 5.1068970535973435
 Variação: 60.0
+-------------+
Medições   Variâncias  Restrições  Estimações
1124.8477655677661    0.01    1.0    1124.847765567766
140.60597069597077    0.01    -1.0    140.60597069597085
140.60597069597077    0.01    -1.0    140.60597069597083
140.60597069597077    0.01    -1.0    140.60597069597083
140.60597069597077    0.01    -1.0    140.6059706959708
140.60597069597077    0.01    -1.0    140.6059706959708
140.60597069597077    0.01    -1.0    140.60597069597077
140.60597069597077    0.01    -1.0    140.60597069597077
140.60597069597077    0.01    -1.0    140.60597069597074

 Velocidade: 5.379301758123006
 Variação: 30.0
+-------------+
Medições   Variâncias  Restrições  Estimações
954.2417948717954    0.01    1.0    954.2417948717955
136.3202564102565    0.01    -1.0    136.3202564102564
136.3202564102565    0.01    -1.0    136.32025641025643
136.3202564102565    0.01    -1.0    136.32025641025643
136.3202564102565    0.01    -1.0    136.32025641025643
136.3202564102565    0.01    -1.0    136.32025641025646
136.3202564102565    0.01    -1.0    136.32025641025646
136.3202564102565    0.01    -1.0    136.3202564102565

 Velocidade: 5.548419327287306
 Variação: 0.0
+-------------+
Medições   Variâncias  Restrições  Estimações
817.9215384615388    0.01    1.0    817.9215384615387
136.32025641025646    0.01    -1.0    136.32025641025652
136.32025641025646    0.01    -1.0    136.3202564102565
136.32025641025646    0.01    -1.0    136.3202564102565
136.32025641025646    0.01    -1.0    136.32025641025646
136.32025641025646    0.01    -1.0    136.32025641025646
136.32025641025646    0.01    -1.0    136.32025641025643

 Velocidade: 5.548419327287301
 Variação: -60.0
+-------------+
Medições   Variâncias  Restrições  Estimações
741.6012820512824    0.01    1.0    741.6012820512824
148.3202564102565    0.01    -1.0    148.32025641025652
148.3202564102565    0.01    -1.0    148.32025641025652
148.3202564102565    0.01    -1.0    148.3202564102565
148.3202564102565    0.01    -1.0    148.3202564102565
148.3202564102565    0.01    -1.0    148.32025641025646

 Velocidade: 5.099518863258415
 Variação: -30.0
+-------------+
Medições   Variâncias  Restrições  Estimações
623.281025641026    0.01    1.0    623.2810256410258
155.8202564102565    0.01    -1.0    155.8202564102565
155.8202564102565    0.01    -1.0    155.8202564102565
155.8202564102565    0.01    -1.0    155.8202564102565
155.8202564102565    0.01    -1.0    155.82025641025652

 Velocidade: 4.8540668767481385
 Variação: 90.0
+-------------+
Medições   Variâncias  Restrições  Estimações
377.4607692307695    0.01    1.0    377.46076923076953
125.82025641025649    0.01    -1.0    125.82025641025652
125.82025641025649    0.01    -1.0    125.82025641025652
125.82025641025649    0.01    -1.0    125.8202564102565

 Velocidade: 6.011448132017726
 Variação: 30.0
+-------------+
