Medições   Variâncias  Restrições  Estimações
2616.600000000001    0.01    1.0    2616.5999999999985
174.44000000000005    0.01    -1.0    174.44000000000008
174.44000000000005    0.01    -1.0    174.44000000000008
174.44000000000005    0.01    -1.0    174.44000000000008
174.44000000000005    0.01    -1.0    174.44000000000008
174.44000000000005    0.01    -1.0    174.44000000000008
174.44000000000005    0.01    -1.0    174.44000000000008
174.44000000000005    0.01    -1.0    174.44000000000008
174.44000000000005    0.01    -1.0    174.44000000000008
174.44000000000005    0.01    -1.0    174.44000000000005
174.44000000000005    0.01    -1.0    174.44000000000005
174.44000000000005    0.01    -1.0    174.44000000000005
174.44000000000005    0.01    -1.0    174.44000000000005
174.44000000000005    0.01    -1.0    174.44000000000005
174.44000000000005    0.01    -1.0    174.44000000000005
174.44000000000005    0.01    -1.0    174.44000000000005

 Velocidade: 3.377426583127005
 Variação: 0.0
+-------------+
Medições   Variâncias  Restrições  Estimações
2442.1600000000008    0.01    1.0    2442.1600000000017
174.44000000000005    0.01    -1.0    174.44
174.44000000000005    0.01    -1.0    174.44
174.44000000000005    0.01    -1.0    174.44
174.44000000000005    0.01    -1.0    174.44000000000003
174.44000000000005    0.01    -1.0    174.44000000000003
174.44000000000005    0.01    -1.0    174.44000000000003
174.44000000000005    0.01    -1.0    174.44000000000003
174.44000000000005    0.01    -1.0    174.44000000000003
174.44000000000005    0.01    -1.0    174.44000000000005
174.44000000000005    0.01    -1.0    174.44000000000005
174.44000000000005    0.01    -1.0    174.44000000000005
174.44000000000005    0.01    -1.0    174.44000000000005
174.44000000000005    0.01    -1.0    174.44000000000008
174.44000000000005    0.01    -1.0    174.44000000000008

 Velocidade: 3.3774265831270065
 Variação: -30.0
+-------------+
Medições   Variâncias  Restrições  Estimações
2297.7200000000007    0.01    1.0    2297.7200000000007
176.74769230769238    0.01    -1.0    176.74769230769255
176.74769230769238    0.01    -1.0    176.74769230769255
176.74769230769238    0.01    -1.0    176.74769230769252
176.74769230769238    0.01    -1.0    176.74769230769252
176.74769230769238    0.01    -1.0    176.7476923076925
176.74769230769238    0.01    -1.0    176.7476923076925
176.74769230769238    0.01    -1.0    176.74769230769246
176.74769230769238    0.01    -1.0    176.74769230769246
176.74769230769238    0.01    -1.0    176.74769230769243
176.74769230769238    0.01    -1.0    176.74769230769243
176.74769230769238    0.01    -1.0    176.7476923076924
176.74769230769238    0.01    -1.0    176.7476923076924
176.74769230769238    0.01    -1.0    176.74769230769238

 Velocidade: 3.3333294792615136
 Variação: -150.0
+-------------+
Medições   Variâncias  Restrições  Estimações
2270.9723076923083    0.01    1.0    2270.972307692309
189.24769230769235    0.01    -1.0    189.24769230769238
189.24769230769235    0.01    -1.0    189.24769230769238
189.24769230769235    0.01    -1.0    189.24769230769238
189.24769230769235    0.01    -1.0    189.24769230769238
189.24769230769235    0.01    -1.0    189.24769230769238
189.24769230769235    0.01    -1.0    189.24769230769238
189.24769230769235    0.01    -1.0    189.24769230769238
189.24769230769235    0.01    -1.0    189.24769230769238
189.24769230769235    0.01    -1.0    189.24769230769235
189.24769230769235    0.01    -1.0    189.24769230769235
189.24769230769235    0.01    -1.0    189.24769230769235
189.24769230769235    0.01    -1.0    189.24769230769235

 Velocidade: 3.1131597219308733
 Variação: 90.0
+-------------+
Medições   Variâncias  Restrições  Estimações
1991.7246153846158    0.01    1.0    1991.7246153846168
181.06587412587416    0.01    -1.0    181.06587412587427
181.06587412587416    0.01    -1.0    181.06587412587427
181.06587412587416    0.01    -1.0    181.06587412587427
181.06587412587416    0.01    -1.0    181.06587412587425
181.06587412587416    0.01    -1.0    181.06587412587425
181.06587412587416    0.01    -1.0    181.06587412587422
181.06587412587416    0.01    -1.0    181.06587412587422
181.06587412587416    0.01    -1.0    181.06587412587422
181.06587412587416    0.01    -1.0    181.0658741258742
181.06587412587416    0.01    -1.0    181.0658741258742
181.06587412587416    0.01    -1.0    181.0658741258742

 Velocidade: 3.2538339761975306
 Variação: -120.0
+-------------+
Medições   Variâncias  Restrições  Estimações
1930.6587412587417    0.01    1.0    1930.658741258741
193.06587412587416    0.01    -1.0    193.06587412587427
193.06587412587416    0.01    -1.0    193.06587412587425
193.06587412587416    0.01    -1.0    193.06587412587425
193.06587412587416    0.01    -1.0    193.06587412587425
193.06587412587416    0.01    -1.0    193.06587412587422
193.06587412587416    0.01    -1.0    193.06587412587422
193.06587412587416    0.01    -1.0    193.0658741258742
193.06587412587416    0.01    -1.0    193.0658741258742
193.06587412587416    0.01    -1.0    193.0658741258742
193.06587412587416    0.01    -1.0    193.06587412587416

 Velocidade: 3.0515920839358595
 Variação: 60.0
+-------------+
Medições   Variâncias  Restrições  Estimações
1677.5928671328675    0.01    1.0    1677.5928671328684
186.3992074592075    0.01    -1.0    186.3992074592076
186.3992074592075    0.01    -1.0    186.3992074592076
186.3992074592075    0.01    -1.0    186.39920745920756
186.3992074592075    0.01    -1.0    186.39920745920756
186.3992074592075    0.01    -1.0    186.39920745920756
186.3992074592075    0.01    -1.0    186.39920745920756
186.3992074592075    0.01    -1.0    186.39920745920756
186.3992074592075    0.01    -1.0    186.39920745920753
186.3992074592075    0.01    -1.0    186.39920745920753

 Velocidade: 3.160733895768355
 Variação: -30.0
+-------------+
Medições   Variâncias  Restrições  Estimações
1521.19365967366    0.01    1.0    1521.1936596736598
190.1492074592075    0.01    -1.0    190.14920745920753
190.1492074592075    0.01    -1.0    190.14920745920753
190.1492074592075    0.01    -1.0    190.14920745920753
190.1492074592075    0.01    -1.0    190.14920745920753
190.1492074592075    0.01    -1.0    190.14920745920753
190.1492074592075    0.01    -1.0    190.1492074592075
190.1492074592075    0.01    -1.0    190.1492074592075
190.1492074592075    0.01    -1.0    190.1492074592075

 Velocidade: 3.0983999409362064
 Variação: -270.0
+-------------+
Medições   Variâncias  Restrições  Estimações
1601.0444522144526    0.01    1.0    1601.044452214452
228.7206360306361    0.01    -1.0    228.7206360306361
228.7206360306361    0.01    -1.0    228.7206360306361
228.7206360306361    0.01    -1.0    228.7206360306361
228.7206360306361    0.01    -1.0    228.72063603063606
228.7206360306361    0.01    -1.0    228.72063603063606
228.7206360306361    0.01    -1.0    228.72063603063606
228.7206360306361    0.01    -1.0    228.72063603063606

 Velocidade: 2.5758860389045086
 Variação: 0.0
+-------------+
Medições   Variâncias  Restrições  Estimações
1372.3238161838165    0.01    1.0    1372.3238161838165
228.7206360306361    0.01    -1.0    228.72063603063611
228.7206360306361    0.01    -1.0    228.72063603063611
228.7206360306361    0.01    -1.0    228.72063603063611
228.7206360306361    0.01    -1.0    228.72063603063611
228.7206360306361    0.01    -1.0    228.72063603063611
228.7206360306361    0.01    -1.0    228.7206360306361

 Velocidade: 2.575886038904508
 Variação: 60.0
+-------------+
Medições   Variâncias  Restrições  Estimações
1083.6031801531803    0.01    1.0    1083.6031801531806
216.72063603063606    0.01    -1.0    216.72063603063606
216.72063603063606    0.01    -1.0    216.72063603063606
216.72063603063606    0.01    -1.0    216.72063603063606
216.72063603063606    0.01    -1.0    216.72063603063606
216.72063603063606    0.01    -1.0    216.72063603063606

 Velocidade: 2.718514969093162
 Variação: 90.0
+-------------+
Medições   Variâncias  Restrições  Estimações
776.8825441225442    0.01    1.0    776.8825441225442
194.22063603063606    0.01    -1.0    194.220636030636
194.22063603063606    0.01    -1.0    194.220636030636
194.22063603063606    0.01    -1.0    194.22063603063606
194.22063603063606    0.01    -1.0    194.22063603063606

 Velocidade: 3.0334484800458705
 Variação: 0.0
+-------------+
