Medições   Variâncias  Restrições  Estimações
2199.15    0.01    1.0    2199.1500000000005
146.61    0.01    -1.0    146.61000000000013
146.61    0.01    -1.0    146.61000000000013
146.61    0.01    -1.0    146.6100000000001
146.61    0.01    -1.0    146.6100000000001
146.61    0.01    -1.0    146.6100000000001
146.61    0.01    -1.0    146.6100000000001
146.61    0.01    -1.0    146.61000000000007
146.61    0.01    -1.0    146.61000000000007
146.61    0.01    -1.0    146.61000000000007
146.61    0.01    -1.0    146.61000000000007
146.61    0.01    -1.0    146.61000000000004
146.61    0.01    -1.0    146.61000000000004
146.61    0.01    -1.0    146.61000000000004
146.61    0.01    -1.0    146.61000000000004
146.61    0.01    -1.0    146.61

 Velocidade: 5.29852265092062
 Variação: 0.0
+-------------+
Medições   Variâncias  Restrições  Estimações
2052.54    0.01    1.0    2052.539999999999
146.60999999999999    0.01    -1.0    146.60999999999984
146.60999999999999    0.01    -1.0    146.60999999999984
146.60999999999999    0.01    -1.0    146.60999999999987
146.60999999999999    0.01    -1.0    146.60999999999987
146.60999999999999    0.01    -1.0    146.6099999999999
146.60999999999999    0.01    -1.0    146.6099999999999
146.60999999999999    0.01    -1.0    146.60999999999993
146.60999999999999    0.01    -1.0    146.60999999999993
146.60999999999999    0.01    -1.0    146.60999999999993
146.60999999999999    0.01    -1.0    146.60999999999996
146.60999999999999    0.01    -1.0    146.60999999999996
146.60999999999999    0.01    -1.0    146.60999999999999
146.60999999999999    0.01    -1.0    146.60999999999999
146.60999999999999    0.01    -1.0    146.61

 Velocidade: 5.29852265092063
 Variação: 60.0
+-------------+
Medições   Variâncias  Restrições  Estimações
1845.93    0.01    1.0    1845.9299999999992
141.9946153846154    0.01    -1.0    141.99461538461554
141.9946153846154    0.01    -1.0    141.9946153846155
141.9946153846154    0.01    -1.0    141.9946153846155
141.9946153846154    0.01    -1.0    141.9946153846155
141.9946153846154    0.01    -1.0    141.99461538461549
141.9946153846154    0.01    -1.0    141.99461538461549
141.9946153846154    0.01    -1.0    141.99461538461549
141.9946153846154    0.01    -1.0    141.99461538461546
141.9946153846154    0.01    -1.0    141.99461538461546
141.9946153846154    0.01    -1.0    141.99461538461543
141.9946153846154    0.01    -1.0    141.99461538461543
141.9946153846154    0.01    -1.0    141.99461538461543
141.9946153846154    0.01    -1.0    141.9946153846154

 Velocidade: 5.470745519098305
 Variação: 90.0
+-------------+
Medições   Variâncias  Restrições  Estimações
1613.9353846153847    0.01    1.0    1613.9353846153856
134.4946153846154    0.01    -1.0    134.49461538461554
134.4946153846154    0.01    -1.0    134.49461538461554
134.4946153846154    0.01    -1.0    134.4946153846155
134.4946153846154    0.01    -1.0    134.4946153846155
134.4946153846154    0.01    -1.0    134.4946153846155
134.4946153846154    0.01    -1.0    134.49461538461549
134.4946153846154    0.01    -1.0    134.49461538461549
134.4946153846154    0.01    -1.0    134.49461538461549
134.4946153846154    0.01    -1.0    134.49461538461546
134.4946153846154    0.01    -1.0    134.49461538461546
134.4946153846154    0.01    -1.0    134.49461538461546
134.4946153846154    0.01    -1.0    134.49461538461543

 Velocidade: 5.775817891519325
 Variação: 30.0
+-------------+
Medições   Variâncias  Restrições  Estimações
1449.4407692307693    0.01    1.0    1449.4407692307695
131.76734265734265    0.01    -1.0    131.7673426573426
131.76734265734265    0.01    -1.0    131.7673426573426
131.76734265734265    0.01    -1.0    131.7673426573426
131.76734265734265    0.01    -1.0    131.7673426573426
131.76734265734265    0.01    -1.0    131.76734265734262
131.76734265734265    0.01    -1.0    131.76734265734262
131.76734265734265    0.01    -1.0    131.76734265734262
131.76734265734265    0.01    -1.0    131.76734265734262
131.76734265734265    0.01    -1.0    131.76734265734262
131.76734265734265    0.01    -1.0    131.76734265734265
131.76734265734265    0.01    -1.0    131.76734265734265

 Velocidade: 5.895363678021213
 Variação: -60.0
+-------------+
Medições   Variâncias  Restrições  Estimações
1377.6734265734267    0.01    1.0    1377.6734265734272
137.76734265734268    0.01    -1.0    137.7673426573427
137.76734265734268    0.01    -1.0    137.7673426573427
137.76734265734268    0.01    -1.0    137.7673426573427
137.76734265734268    0.01    -1.0    137.7673426573427
137.76734265734268    0.01    -1.0    137.7673426573427
137.76734265734268    0.01    -1.0    137.76734265734268
137.76734265734268    0.01    -1.0    137.76734265734268
137.76734265734268    0.01    -1.0    137.76734265734268
137.76734265734268    0.01    -1.0    137.76734265734268
137.76734265734268    0.01    -1.0    137.76734265734268

 Velocidade: 5.638610652334231
 Variação: 90.0
+-------------+
Medições   Variâncias  Restrições  Estimações
1149.906083916084    0.01    1.0    1149.9060839160845
127.76734265734268    0.01    -1.0    127.76734265734264
127.76734265734268    0.01    -1.0    127.76734265734264
127.76734265734268    0.01    -1.0    127.76734265734264
127.76734265734268    0.01    -1.0    127.76734265734267
127.76734265734268    0.01    -1.0    127.76734265734267
127.76734265734268    0.01    -1.0    127.76734265734267
127.76734265734268    0.01    -1.0    127.7673426573427
127.76734265734268    0.01    -1.0    127.7673426573427
127.76734265734268    0.01    -1.0    127.76734265734268

 Velocidade: 6.079929265922085
 Variação: 30.0
+-------------+
Medições   Variâncias  Restrições  Estimações
992.1387412587414    0.01    1.0    992.1387412587416
124.01734265734268    0.01    -1.0    124.01734265734267
124.01734265734268    0.01    -1.0    124.01734265734267
124.01734265734268    0.01    -1.0    124.01734265734267
124.01734265734268    0.01    -1.0    124.01734265734267
124.01734265734268    0.01    -1.0    124.0173426573427
124.01734265734268    0.01    -1.0    124.01734265734268
124.01734265734268    0.01    -1.0    124.01734265734268
124.01734265734268    0.01    -1.0    124.01734265734267

 Velocidade: 6.2637723822046425
 Variação: 90.0
+-------------+
Medições   Variâncias  Restrições  Estimações
778.1213986013988    0.01    1.0    778.1213986013988
111.16019980019983    0.01    -1.0    111.16019980019978
111.16019980019983    0.01    -1.0    111.16019980019978
111.16019980019983    0.01    -1.0    111.16019980019978
111.16019980019983    0.01    -1.0    111.16019980019979
111.16019980019983    0.01    -1.0    111.16019980019979
111.16019980019983    0.01    -1.0    111.16019980019979
111.16019980019983    0.01    -1.0    111.1601998001998

 Velocidade: 6.98826025185029
 Variação: 0.0
+-------------+
Medições   Variâncias  Restrições  Estimações
666.961198801199    0.01    1.0    666.9611988011989
111.16019980019983    0.01    -1.0    111.16019980019982
111.16019980019983    0.01    -1.0    111.16019980019982
111.16019980019983    0.01    -1.0    111.16019980019982
111.16019980019983    0.01    -1.0    111.16019980019982
111.16019980019983    0.01    -1.0    111.16019980019982
111.16019980019983    0.01    -1.0    111.16019980019982

 Velocidade: 6.988260251850288
 Variação: 0.0
+-------------+
Medições   Variâncias  Restrições  Estimações
555.8009990009991    0.01    1.0    555.800999000999
111.16019980019982    0.01    -1.0    111.16019980019982
111.16019980019982    0.01    -1.0    111.16019980019982
111.16019980019982    0.01    -1.0    111.16019980019982
111.16019980019982    0.01    -1.0    111.1601998001998
111.16019980019982    0.01    -1.0    111.1601998001998

 Velocidade: 6.988260251850288
 Variação: -90.0
+-------------+
Medições   Variâncias  Restrições  Estimações
534.6407992007993    0.01    1.0    534.6407992007993
133.66019980019982    0.01    -1.0    133.66019980019982
133.66019980019982    0.01    -1.0    133.66019980019982
133.66019980019982    0.01    -1.0    133.66019980019982
133.66019980019982    0.01    -1.0    133.66019980019982

 Velocidade: 5.811875240443202
 Variação: 120.0
+-------------+
Medições   Variâncias  Restrições  Estimações
280.98059940059943    0.01    1.0    280.98059940059943
93.6601998001998    0.01    -1.0    93.6601998001998
93.6601998001998    0.01    -1.0    93.66019980019982
93.6601998001998    0.01    -1.0    93.66019980019982

 Velocidade: 8.293986213019114
 Variação: 30.0
+-------------+
Medições   Variâncias  Restrições  Estimações
157.32039960039964    0.01    1.0    157.32039960039964
78.66019980019982    0.01    -1.0    78.66019980019982
78.66019980019982    0.01    -1.0    78.66019980019983

 Velocidade: 9.875596652749659
 Variação: 60.0
+-------------+
