Medições   Variâncias  Restrições  Estimações
1002.3000000000008    0.01    1.0    1002.3000000000009
66.82000000000005    0.01    -1.0    66.81999999999996
66.82000000000005    0.01    -1.0    66.81999999999998
66.82000000000005    0.01    -1.0    66.81999999999998
66.82000000000005    0.01    -1.0    66.81999999999998
66.82000000000005    0.01    -1.0    66.82
66.82000000000005    0.01    -1.0    66.82
66.82000000000005    0.01    -1.0    66.82000000000001
66.82000000000005    0.01    -1.0    66.82000000000001
66.82000000000005    0.01    -1.0    66.82000000000001
66.82000000000005    0.01    -1.0    66.82000000000002
66.82000000000005    0.01    -1.0    66.82000000000002
66.82000000000005    0.01    -1.0    66.82000000000004
66.82000000000005    0.01    -1.0    66.82000000000004
66.82000000000005    0.01    -1.0    66.82000000000004
66.82000000000005    0.01    -1.0    66.82000000000005

 Velocidade: 7.0019409304125855
 Variação: -30.0
+-------------+
Medições   Variâncias  Restrições  Estimações
965.4800000000007    0.01    1.0    965.4800000000012
68.96285714285719    0.01    -1.0    68.96285714285717
68.96285714285719    0.01    -1.0    68.96285714285719
68.96285714285719    0.01    -1.0    68.96285714285719
68.96285714285719    0.01    -1.0    68.96285714285719
68.96285714285719    0.01    -1.0    68.96285714285719
68.96285714285719    0.01    -1.0    68.96285714285719
68.96285714285719    0.01    -1.0    68.96285714285719
68.96285714285719    0.01    -1.0    68.96285714285719
68.96285714285719    0.01    -1.0    68.96285714285719
68.96285714285719    0.01    -1.0    68.9628571428572
68.96285714285719    0.01    -1.0    68.9628571428572
68.96285714285719    0.01    -1.0    68.9628571428572
68.96285714285719    0.01    -1.0    68.9628571428572
68.96285714285719    0.01    -1.0    68.9628571428572

 Velocidade: 6.784372230996353
 Variação: 30.0
+-------------+
Medições   Variâncias  Restrições  Estimações
866.5171428571435    0.01    1.0    866.5171428571434
66.65516483516488    0.01    -1.0    66.65516483516488
66.65516483516488    0.01    -1.0    66.65516483516488
66.65516483516488    0.01    -1.0    66.65516483516488
66.65516483516488    0.01    -1.0    66.65516483516488
66.65516483516488    0.01    -1.0    66.65516483516488
66.65516483516488    0.01    -1.0    66.65516483516488
66.65516483516488    0.01    -1.0    66.65516483516488
66.65516483516488    0.01    -1.0    66.65516483516488
66.65516483516488    0.01    -1.0    66.65516483516488
66.65516483516488    0.01    -1.0    66.65516483516488
66.65516483516488    0.01    -1.0    66.65516483516488
66.65516483516488    0.01    -1.0    66.65516483516488
66.65516483516488    0.01    -1.0    66.65516483516488

 Velocidade: 7.019256409119814
 Variação: 30.0
+-------------+
Medições   Variâncias  Restrições  Estimações
769.8619780219786    0.01    1.0    769.861978021979
64.15516483516488    0.01    -1.0    64.15516483516484
64.15516483516488    0.01    -1.0    64.15516483516484
64.15516483516488    0.01    -1.0    64.15516483516484
64.15516483516488    0.01    -1.0    64.15516483516485
64.15516483516488    0.01    -1.0    64.15516483516485
64.15516483516488    0.01    -1.0    64.15516483516487
64.15516483516488    0.01    -1.0    64.15516483516487
64.15516483516488    0.01    -1.0    64.15516483516487
64.15516483516488    0.01    -1.0    64.15516483516488
64.15516483516488    0.01    -1.0    64.15516483516488
64.15516483516488    0.01    -1.0    64.15516483516488
64.15516483516488    0.01    -1.0    64.1551648351649

 Velocidade: 7.292782961002061
 Variação: 0.0
+-------------+
Medições   Variâncias  Restrições  Estimações
705.7068131868137    0.01    1.0    705.706813186814
64.15516483516488    0.01    -1.0    64.15516483516492
64.15516483516488    0.01    -1.0    64.15516483516492
64.15516483516488    0.01    -1.0    64.15516483516492
64.15516483516488    0.01    -1.0    64.15516483516491
64.15516483516488    0.01    -1.0    64.15516483516491
64.15516483516488    0.01    -1.0    64.15516483516491
64.15516483516488    0.01    -1.0    64.1551648351649
64.15516483516488    0.01    -1.0    64.1551648351649
64.15516483516488    0.01    -1.0    64.1551648351649
64.15516483516488    0.01    -1.0    64.15516483516488
64.15516483516488    0.01    -1.0    64.15516483516488

 Velocidade: 7.292782961002051
 Variação: -30.0
+-------------+
Medições   Variâncias  Restrições  Estimações
671.5516483516489    0.01    1.0    671.551648351649
67.15516483516488    0.01    -1.0    67.15516483516494
67.15516483516488    0.01    -1.0    67.15516483516492
67.15516483516488    0.01    -1.0    67.15516483516492
67.15516483516488    0.01    -1.0    67.15516483516492
67.15516483516488    0.01    -1.0    67.15516483516491
67.15516483516488    0.01    -1.0    67.1551648351649
67.15516483516488    0.01    -1.0    67.1551648351649
67.15516483516488    0.01    -1.0    67.1551648351649
67.15516483516488    0.01    -1.0    67.15516483516488
67.15516483516488    0.01    -1.0    67.15516483516488

 Velocidade: 6.966994930599512
 Variação: -30.0
+-------------+
Medições   Variâncias  Restrições  Estimações
634.396483516484    0.01    1.0    634.3964835164842
70.48849816849821    0.01    -1.0    70.4884981684982
70.48849816849821    0.01    -1.0    70.4884981684982
70.48849816849821    0.01    -1.0    70.4884981684982
70.48849816849821    0.01    -1.0    70.4884981684982
70.48849816849821    0.01    -1.0    70.48849816849821
70.48849816849821    0.01    -1.0    70.48849816849821
70.48849816849821    0.01    -1.0    70.48849816849821
70.48849816849821    0.01    -1.0    70.48849816849823
70.48849816849821    0.01    -1.0    70.48849816849823

 Velocidade: 6.637532436167905
 Variação: -60.0
+-------------+
Medições   Variâncias  Restrições  Estimações
623.9079853479857    0.01    1.0    623.9079853479858
77.98849816849821    0.01    -1.0    77.98849816849817
77.98849816849821    0.01    -1.0    77.98849816849817
77.98849816849821    0.01    -1.0    77.98849816849818
77.98849816849821    0.01    -1.0    77.98849816849818
77.98849816849821    0.01    -1.0    77.98849816849818
77.98849816849821    0.01    -1.0    77.9884981684982
77.98849816849821    0.01    -1.0    77.9884981684982
77.98849816849821    0.01    -1.0    77.98849816849821

 Velocidade: 5.999214037425264
 Variação: 60.0
+-------------+
Medições   Variâncias  Restrições  Estimações
485.9194871794875    0.01    1.0    485.9194871794874
69.41706959706964    0.01    -1.0    69.41706959706963
69.41706959706964    0.01    -1.0    69.41706959706963
69.41706959706964    0.01    -1.0    69.41706959706963
69.41706959706964    0.01    -1.0    69.41706959706963
69.41706959706964    0.01    -1.0    69.41706959706963
69.41706959706964    0.01    -1.0    69.41706959706963
69.41706959706964    0.01    -1.0    69.41706959706963

 Velocidade: 6.739980464256293
 Variação: 30.0
+-------------+
Medições   Variâncias  Restrições  Estimações
386.5024175824178    0.01    1.0    386.5024175824178
64.41706959706964    0.01    -1.0    64.41706959706966
64.41706959706964    0.01    -1.0    64.41706959706966
64.41706959706964    0.01    -1.0    64.41706959706966
64.41706959706964    0.01    -1.0    64.41706959706964
64.41706959706964    0.01    -1.0    64.41706959706964
64.41706959706964    0.01    -1.0    64.41706959706964

 Velocidade: 7.263132208538902
 Variação: 30.0
+-------------+
Medições   Variâncias  Restrições  Estimações
292.08534798534816    0.01    1.0    292.08534798534816
58.417069597069634    0.01    -1.0    58.41706959706964
58.417069597069634    0.01    -1.0    58.41706959706964
58.417069597069634    0.01    -1.0    58.41706959706964
58.417069597069634    0.01    -1.0    58.417069597069634
58.417069597069634    0.01    -1.0    58.417069597069634

 Velocidade: 8.009126376884169
 Variação: 30.0
+-------------+
