Medições   Variâncias  Restrições  Estimações
2619.7500000000005    0.01    1.0    2619.750000000002
174.65000000000003    0.01    -1.0    174.64999999999998
174.65000000000003    0.01    -1.0    174.64999999999998
174.65000000000003    0.01    -1.0    174.64999999999998
174.65000000000003    0.01    -1.0    174.64999999999998
174.65000000000003    0.01    -1.0    174.65
174.65000000000003    0.01    -1.0    174.65
174.65000000000003    0.01    -1.0    174.65
174.65000000000003    0.01    -1.0    174.65
174.65000000000003    0.01    -1.0    174.65000000000003
174.65000000000003    0.01    -1.0    174.65000000000003
174.65000000000003    0.01    -1.0    174.65000000000003
174.65000000000003    0.01    -1.0    174.65000000000003
174.65000000000003    0.01    -1.0    174.65000000000003
174.65000000000003    0.01    -1.0    174.65000000000006
174.65000000000003    0.01    -1.0    174.65000000000006

 Velocidade: 3.205280207714012
 Variação: 30.0
+-------------+
Medições   Variâncias  Restrições  Estimações
2415.1000000000004    0.01    1.0    2415.1000000000004
172.5071428571429    0.01    -1.0    172.50714285714275
172.5071428571429    0.01    -1.0    172.50714285714275
172.5071428571429    0.01    -1.0    172.50714285714275
172.5071428571429    0.01    -1.0    172.50714285714278
172.5071428571429    0.01    -1.0    172.50714285714278
172.5071428571429    0.01    -1.0    172.5071428571428
172.5071428571429    0.01    -1.0    172.5071428571428
172.5071428571429    0.01    -1.0    172.50714285714284
172.5071428571429    0.01    -1.0    172.50714285714284
172.5071428571429    0.01    -1.0    172.50714285714287
172.5071428571429    0.01    -1.0    172.50714285714287
172.5071428571429    0.01    -1.0    172.5071428571429
172.5071428571429    0.01    -1.0    172.5071428571429
172.5071428571429    0.01    -1.0    172.5071428571429

 Velocidade: 3.24509570447664
 Variação: 60.0
+-------------+
Medições   Variâncias  Restrições  Estimações
2182.5928571428576    0.01    1.0    2182.5928571428585
167.89175824175828    0.01    -1.0    167.89175824175845
167.89175824175828    0.01    -1.0    167.89175824175845
167.89175824175828    0.01    -1.0    167.89175824175842
167.89175824175828    0.01    -1.0    167.89175824175842
167.89175824175828    0.01    -1.0    167.8917582417584
167.89175824175828    0.01    -1.0    167.8917582417584
167.89175824175828    0.01    -1.0    167.89175824175837
167.89175824175828    0.01    -1.0    167.89175824175837
167.89175824175828    0.01    -1.0    167.89175824175834
167.89175824175828    0.01    -1.0    167.89175824175834
167.89175824175828    0.01    -1.0    167.8917582417583
167.89175824175828    0.01    -1.0    167.8917582417583
167.89175824175828    0.01    -1.0    167.89175824175828

 Velocidade: 3.3343041620372804
 Variação: -120.0
+-------------+
Medições   Variâncias  Restrições  Estimações
2134.701098901099    0.01    1.0    2134.7010989010996
177.89175824175825    0.01    -1.0    177.8917582417581
177.89175824175825    0.01    -1.0    177.8917582417581
177.89175824175825    0.01    -1.0    177.8917582417581
177.89175824175825    0.01    -1.0    177.89175824175814
177.89175824175825    0.01    -1.0    177.89175824175814
177.89175824175825    0.01    -1.0    177.89175824175817
177.89175824175825    0.01    -1.0    177.89175824175817
177.89175824175825    0.01    -1.0    177.8917582417582
177.89175824175825    0.01    -1.0    177.8917582417582
177.89175824175825    0.01    -1.0    177.89175824175823
177.89175824175825    0.01    -1.0    177.89175824175823
177.89175824175825    0.01    -1.0    177.89175824175825

 Velocidade: 3.1468697246584676
 Variação: -30.0
+-------------+
Medições   Variâncias  Restrições  Estimações
1986.809340659341    0.01    1.0    1986.8093406593407
180.619030969031    0.01    -1.0    180.61903096903103
180.619030969031    0.01    -1.0    180.61903096903103
180.619030969031    0.01    -1.0    180.61903096903103
180.619030969031    0.01    -1.0    180.61903096903103
180.619030969031    0.01    -1.0    180.61903096903103
180.619030969031    0.01    -1.0    180.61903096903103
180.619030969031    0.01    -1.0    180.61903096903103
180.619030969031    0.01    -1.0    180.61903096903103
180.619030969031    0.01    -1.0    180.61903096903103
180.619030969031    0.01    -1.0    180.619030969031
180.619030969031    0.01    -1.0    180.619030969031

 Velocidade: 3.0993532922521094
 Variação: -90.0
+-------------+
Medições   Variâncias  Restrições  Estimações
1896.19030969031    0.01    1.0    1896.1903096903102
189.619030969031    0.01    -1.0    189.61903096903094
189.619030969031    0.01    -1.0    189.61903096903094
189.619030969031    0.01    -1.0    189.61903096903094
189.619030969031    0.01    -1.0    189.61903096903097
189.619030969031    0.01    -1.0    189.61903096903097
189.619030969031    0.01    -1.0    189.61903096903097
189.619030969031    0.01    -1.0    189.61903096903097
189.619030969031    0.01    -1.0    189.61903096903097
189.619030969031    0.01    -1.0    189.619030969031
189.619030969031    0.01    -1.0    189.619030969031

 Velocidade: 2.952246857377308
 Variação: 0.0
+-------------+
Medições   Variâncias  Restrições  Estimações
1706.571278721279    0.01    1.0    1706.5712787212785
189.619030969031    0.01    -1.0    189.6190309690311
189.619030969031    0.01    -1.0    189.6190309690311
189.619030969031    0.01    -1.0    189.6190309690311
189.619030969031    0.01    -1.0    189.61903096903106
189.619030969031    0.01    -1.0    189.61903096903106
189.619030969031    0.01    -1.0    189.61903096903106
189.619030969031    0.01    -1.0    189.61903096903103
189.619030969031    0.01    -1.0    189.61903096903103
189.619030969031    0.01    -1.0    189.619030969031

 Velocidade: 2.9522468573773057
 Variação: 30.0
+-------------+
Medições   Variâncias  Restrições  Estimações
1486.952247752248    0.01    1.0    1486.9522477522485
185.869030969031    0.01    -1.0    185.86903096903092
185.869030969031    0.01    -1.0    185.86903096903094
185.869030969031    0.01    -1.0    185.86903096903094
185.869030969031    0.01    -1.0    185.86903096903097
185.869030969031    0.01    -1.0    185.86903096903097
185.869030969031    0.01    -1.0    185.869030969031
185.869030969031    0.01    -1.0    185.869030969031
185.869030969031    0.01    -1.0    185.86903096903103

 Velocidade: 3.0118099037731847
 Variação: 60.0
+-------------+
Medições   Variâncias  Restrições  Estimações
1241.083216783217    0.01    1.0    1241.0832167832173
177.29760239760245    0.01    -1.0    177.2976023976025
177.29760239760245    0.01    -1.0    177.29760239760247
177.29760239760245    0.01    -1.0    177.29760239760247
177.29760239760245    0.01    -1.0    177.29760239760247
177.29760239760245    0.01    -1.0    177.29760239760245
177.29760239760245    0.01    -1.0    177.29760239760245
177.29760239760245    0.01    -1.0    177.29760239760242

 Velocidade: 3.1574154455955687
 Variação: -150.0
+-------------+
Medições   Variâncias  Restrições  Estimações
1213.7856143856145    0.01    1.0    1213.7856143856147
202.29760239760242    0.01    -1.0    202.29760239760242
202.29760239760242    0.01    -1.0    202.29760239760242
202.29760239760242    0.01    -1.0    202.29760239760242
202.29760239760242    0.01    -1.0    202.29760239760242
202.29760239760242    0.01    -1.0    202.2976023976024
202.29760239760242    0.01    -1.0    202.2976023976024

 Velocidade: 2.7672210725315383
 Variação: 30.0
+-------------+
Medições   Variâncias  Restrições  Estimações
981.4880119880121    0.01    1.0    981.4880119880121
196.29760239760242    0.01    -1.0    196.29760239760245
196.29760239760242    0.01    -1.0    196.29760239760242
196.29760239760242    0.01    -1.0    196.29760239760242
196.29760239760242    0.01    -1.0    196.29760239760242
196.29760239760242    0.01    -1.0    196.29760239760242

 Velocidade: 2.8518034934699203
 Variação: 0.0
+-------------+
Medições   Variâncias  Restrições  Estimações
785.1904095904097    0.01    1.0    785.1904095904094
196.29760239760242    0.01    -1.0    196.29760239760242
196.29760239760242    0.01    -1.0    196.29760239760242
196.29760239760242    0.01    -1.0    196.2976023976024
196.29760239760242    0.01    -1.0    196.2976023976024

 Velocidade: 2.851803493469921
 Variação: 60.0
+-------------+
