Medições   Variâncias  Restrições  Estimações
1818.3000000000004    0.01    1.0    1818.3000000000002
121.22000000000003    0.01    -1.0    121.22000000000006
121.22000000000003    0.01    -1.0    121.22000000000004
121.22000000000003    0.01    -1.0    121.22000000000004
121.22000000000003    0.01    -1.0    121.22000000000004
121.22000000000003    0.01    -1.0    121.22000000000004
121.22000000000003    0.01    -1.0    121.22000000000004
121.22000000000003    0.01    -1.0    121.22000000000003
121.22000000000003    0.01    -1.0    121.22000000000003
121.22000000000003    0.01    -1.0    121.22000000000003
121.22000000000003    0.01    -1.0    121.22000000000003
121.22000000000003    0.01    -1.0    121.22000000000003
121.22000000000003    0.01    -1.0    121.22000000000003
121.22000000000003    0.01    -1.0    121.22000000000003
121.22000000000003    0.01    -1.0    121.22000000000003
121.22000000000003    0.01    -1.0    121.22000000000001

 Velocidade: 5.329267216543648
 Variação: 0.0
+-------------+
Medições   Variâncias  Restrições  Estimações
1697.0800000000004    0.01    1.0    1697.0799999999997
121.22000000000003    0.01    -1.0    121.21999999999997
121.22000000000003    0.01    -1.0    121.21999999999997
121.22000000000003    0.01    -1.0    121.21999999999997
121.22000000000003    0.01    -1.0    121.21999999999998
121.22000000000003    0.01    -1.0    121.21999999999998
121.22000000000003    0.01    -1.0    121.21999999999998
121.22000000000003    0.01    -1.0    121.22
121.22000000000003    0.01    -1.0    121.22
121.22000000000003    0.01    -1.0    121.22000000000001
121.22000000000003    0.01    -1.0    121.22000000000001
121.22000000000003    0.01    -1.0    121.22000000000003
121.22000000000003    0.01    -1.0    121.22000000000003
121.22000000000003    0.01    -1.0    121.22000000000003
121.22000000000003    0.01    -1.0    121.22000000000004

 Velocidade: 5.329267216543651
 Variação: 0.0
+-------------+
Medições   Variâncias  Restrições  Estimações
1575.8600000000004    0.01    1.0    1575.8600000000006
121.22000000000003    0.01    -1.0    121.22000000000008
121.22000000000003    0.01    -1.0    121.22000000000008
121.22000000000003    0.01    -1.0    121.22000000000008
121.22000000000003    0.01    -1.0    121.22000000000008
121.22000000000003    0.01    -1.0    121.22000000000007
121.22000000000003    0.01    -1.0    121.22000000000007
121.22000000000003    0.01    -1.0    121.22000000000006
121.22000000000003    0.01    -1.0    121.22000000000006
121.22000000000003    0.01    -1.0    121.22000000000004
121.22000000000003    0.01    -1.0    121.22000000000004
121.22000000000003    0.01    -1.0    121.22000000000003
121.22000000000003    0.01    -1.0    121.22000000000003
121.22000000000003    0.01    -1.0    121.22000000000003

 Velocidade: 5.329267216543646
 Variação: 0.0
+-------------+
Medições   Variâncias  Restrições  Estimações
1454.6400000000003    0.01    1.0    1454.6400000000006
121.22000000000003    0.01    -1.0    121.21999999999998
121.22000000000003    0.01    -1.0    121.21999999999996
121.22000000000003    0.01    -1.0    121.21999999999996
121.22000000000003    0.01    -1.0    121.21999999999997
121.22000000000003    0.01    -1.0    121.21999999999997
121.22000000000003    0.01    -1.0    121.21999999999998
121.22000000000003    0.01    -1.0    121.21999999999998
121.22000000000003    0.01    -1.0    121.22
121.22000000000003    0.01    -1.0    121.22
121.22000000000003    0.01    -1.0    121.22000000000001
121.22000000000003    0.01    -1.0    121.22000000000001
121.22000000000003    0.01    -1.0    121.22000000000003

 Velocidade: 5.32926721654365
 Variação: 30.0
+-------------+
Medições   Variâncias  Restrições  Estimações
1303.4200000000003    0.01    1.0    1303.4200000000005
118.4927272727273    0.01    -1.0    118.49272727272724
118.4927272727273    0.01    -1.0    118.49272727272724
118.4927272727273    0.01    -1.0    118.49272727272725
118.4927272727273    0.01    -1.0    118.49272727272725
118.4927272727273    0.01    -1.0    118.49272727272727
118.4927272727273    0.01    -1.0    118.49272727272727
118.4927272727273    0.01    -1.0    118.49272727272728
118.4927272727273    0.01    -1.0    118.49272727272728
118.4927272727273    0.01    -1.0    118.4927272727273
118.4927272727273    0.01    -1.0    118.4927272727273
118.4927272727273    0.01    -1.0    118.49272727272731

 Velocidade: 5.451927614954225
 Variação: -60.0
+-------------+
Medições   Variâncias  Restrições  Estimações
1244.927272727273    0.01    1.0    1244.9272727272732
124.49272727272731    0.01    -1.0    124.49272727272731
124.49272727272731    0.01    -1.0    124.49272727272731
124.49272727272731    0.01    -1.0    124.49272727272731
124.49272727272731    0.01    -1.0    124.49272727272728
124.49272727272731    0.01    -1.0    124.49272727272728
124.49272727272731    0.01    -1.0    124.49272727272728
124.49272727272731    0.01    -1.0    124.49272727272728
124.49272727272731    0.01    -1.0    124.4927272727273
124.49272727272731    0.01    -1.0    124.4927272727273
124.49272727272731    0.01    -1.0    124.4927272727273

 Velocidade: 5.189168766254058
 Variação: 60.0
+-------------+
Medições   Variâncias  Restrições  Estimações
1060.4345454545457    0.01    1.0    1060.4345454545457
117.82606060606064    0.01    -1.0    117.82606060606062
117.82606060606064    0.01    -1.0    117.82606060606062
117.82606060606064    0.01    -1.0    117.82606060606062
117.82606060606064    0.01    -1.0    117.82606060606062
117.82606060606064    0.01    -1.0    117.82606060606062
117.82606060606064    0.01    -1.0    117.82606060606062
117.82606060606064    0.01    -1.0    117.82606060606062
117.82606060606064    0.01    -1.0    117.82606060606064
117.82606060606064    0.01    -1.0    117.82606060606064

 Velocidade: 5.482774936771435
 Variação: 60.0
+-------------+
Medições   Variâncias  Restrições  Estimações
882.6084848484851    0.01    1.0    882.6084848484853
110.32606060606064    0.01    -1.0    110.32606060606064
110.32606060606064    0.01    -1.0    110.32606060606064
110.32606060606064    0.01    -1.0    110.32606060606064
110.32606060606064    0.01    -1.0    110.32606060606064
110.32606060606064    0.01    -1.0    110.32606060606064
110.32606060606064    0.01    -1.0    110.32606060606065
110.32606060606064    0.01    -1.0    110.32606060606065
110.32606060606064    0.01    -1.0    110.32606060606065

 Velocidade: 5.855495686518995
 Variação: 0.0
+-------------+
Medições   Variâncias  Restrições  Estimações
772.2824242424244    0.01    1.0    772.2824242424247
110.32606060606064    0.01    -1.0    110.32606060606068
110.32606060606064    0.01    -1.0    110.32606060606068
110.32606060606064    0.01    -1.0    110.32606060606066
110.32606060606064    0.01    -1.0    110.32606060606066
110.32606060606064    0.01    -1.0    110.32606060606065
110.32606060606064    0.01    -1.0    110.32606060606065
110.32606060606064    0.01    -1.0    110.32606060606064

 Velocidade: 5.855495686518992
 Variação: 30.0
+-------------+
Medições   Variâncias  Restrições  Estimações
631.9563636363638    0.01    1.0    631.9563636363639
105.32606060606064    0.01    -1.0    105.32606060606066
105.32606060606064    0.01    -1.0    105.32606060606066
105.32606060606064    0.01    -1.0    105.32606060606065
105.32606060606064    0.01    -1.0    105.32606060606065
105.32606060606064    0.01    -1.0    105.32606060606065
105.32606060606064    0.01    -1.0    105.32606060606065

 Velocidade: 6.133465623532951
 Variação: 30.0
+-------------+
Medições   Variâncias  Restrições  Estimações
496.63030303030314    0.01    1.0    496.6303030303031
99.32606060606062    0.01    -1.0    99.32606060606062
99.32606060606062    0.01    -1.0    99.32606060606062
99.32606060606062    0.01    -1.0    99.32606060606062
99.32606060606062    0.01    -1.0    99.32606060606062
99.32606060606062    0.01    -1.0    99.32606060606062

 Velocidade: 6.503970539530319
 Variação: 60.0
+-------------+
Medições   Variâncias  Restrições  Estimações
337.3042424242425    0.01    1.0    337.3042424242425
84.32606060606062    0.01    -1.0    84.3260606060606
84.32606060606062    0.01    -1.0    84.32606060606061
84.32606060606062    0.01    -1.0    84.32606060606061
84.32606060606062    0.01    -1.0    84.32606060606062

 Velocidade: 7.660903015585571
 Variação: -30.0
+-------------+
Medições   Variâncias  Restrições  Estimações
282.97818181818184    0.01    1.0    282.9781818181819
94.32606060606061    0.01    -1.0    94.32606060606062
94.32606060606061    0.01    -1.0    94.32606060606062
94.32606060606061    0.01    -1.0    94.32606060606062

 Velocidade: 6.84873053998731
 Variação: 0.0
+-------------+
