Medições   Variâncias  Restrições  Estimações
2205.0    0.01    1.0    2204.999999999999
147.0    0.01    -1.0    146.99999999999986
147.0    0.01    -1.0    146.99999999999986
147.0    0.01    -1.0    146.9999999999999
147.0    0.01    -1.0    146.9999999999999
147.0    0.01    -1.0    146.99999999999991
147.0    0.01    -1.0    146.99999999999991
147.0    0.01    -1.0    146.99999999999991
147.0    0.01    -1.0    146.99999999999994
147.0    0.01    -1.0    146.99999999999994
147.0    0.01    -1.0    146.99999999999997
147.0    0.01    -1.0    146.99999999999997
147.0    0.01    -1.0    146.99999999999997
147.0    0.01    -1.0    147.0
147.0    0.01    -1.0    147.0
147.0    0.01    -1.0    147.00000000000003

 Velocidade: 4.346294651690695
 Variação: 30.0
+-------------+
Medições   Variâncias  Restrições  Estimações
2028.0    0.01    1.0    2028.0000000000007
144.85714285714286    0.01    -1.0    144.85714285714297
144.85714285714286    0.01    -1.0    144.85714285714297
144.85714285714286    0.01    -1.0    144.85714285714297
144.85714285714286    0.01    -1.0    144.85714285714295
144.85714285714286    0.01    -1.0    144.85714285714295
144.85714285714286    0.01    -1.0    144.85714285714295
144.85714285714286    0.01    -1.0    144.85714285714295
144.85714285714286    0.01    -1.0    144.85714285714292
144.85714285714286    0.01    -1.0    144.85714285714292
144.85714285714286    0.01    -1.0    144.85714285714292
144.85714285714286    0.01    -1.0    144.8571428571429
144.85714285714286    0.01    -1.0    144.8571428571429
144.85714285714286    0.01    -1.0    144.8571428571429
144.85714285714286    0.01    -1.0    144.85714285714286

 Velocidade: 4.410588951271911
 Variação: 120.0
+-------------+
Medições   Variâncias  Restrições  Estimações
1763.142857142857    0.01    1.0    1763.1428571428576
135.62637362637363    0.01    -1.0    135.62637362637366
135.62637362637363    0.01    -1.0    135.62637362637366
135.62637362637363    0.01    -1.0    135.62637362637366
135.62637362637363    0.01    -1.0    135.62637362637366
135.62637362637363    0.01    -1.0    135.62637362637366
135.62637362637363    0.01    -1.0    135.62637362637366
135.62637362637363    0.01    -1.0    135.62637362637366
135.62637362637363    0.01    -1.0    135.62637362637366
135.62637362637363    0.01    -1.0    135.62637362637366
135.62637362637363    0.01    -1.0    135.62637362637366
135.62637362637363    0.01    -1.0    135.62637362637366
135.62637362637363    0.01    -1.0    135.62637362637366
135.62637362637363    0.01    -1.0    135.62637362637366

 Velocidade: 4.710774878922893
 Variação: 30.0
+-------------+
Medições   Variâncias  Restrições  Estimações
1597.5164835164835    0.01    1.0    1597.5164835164844
133.12637362637363    0.01    -1.0    133.12637362637375
133.12637362637363    0.01    -1.0    133.12637362637375
133.12637362637363    0.01    -1.0    133.12637362637372
133.12637362637363    0.01    -1.0    133.12637362637372
133.12637362637363    0.01    -1.0    133.12637362637372
133.12637362637363    0.01    -1.0    133.1263736263737
133.12637362637363    0.01    -1.0    133.1263736263737
133.12637362637363    0.01    -1.0    133.1263736263737
133.12637362637363    0.01    -1.0    133.12637362637366
133.12637362637363    0.01    -1.0    133.12637362637366
133.12637362637363    0.01    -1.0    133.12637362637366
133.12637362637363    0.01    -1.0    133.12637362637363

 Velocidade: 4.799239222061688
 Variação: 0.0
+-------------+
Medições   Variâncias  Restrições  Estimações
1464.39010989011    0.01    1.0    1464.3901098901104
133.12637362637363    0.01    -1.0    133.12637362637378
133.12637362637363    0.01    -1.0    133.12637362637378
133.12637362637363    0.01    -1.0    133.12637362637375
133.12637362637363    0.01    -1.0    133.12637362637375
133.12637362637363    0.01    -1.0    133.12637362637372
133.12637362637363    0.01    -1.0    133.12637362637372
133.12637362637363    0.01    -1.0    133.1263736263737
133.12637362637363    0.01    -1.0    133.1263736263737
133.12637362637363    0.01    -1.0    133.12637362637366
133.12637362637363    0.01    -1.0    133.12637362637366
133.12637362637363    0.01    -1.0    133.12637362637363

 Velocidade: 4.799239222061687
 Variação: 30.0
+-------------+
Medições   Variâncias  Restrições  Estimações
1301.2637362637363    0.01    1.0    1301.2637362637363
130.12637362637363    0.01    -1.0    130.12637362637355
130.12637362637363    0.01    -1.0    130.12637362637355
130.12637362637363    0.01    -1.0    130.12637362637355
130.12637362637363    0.01    -1.0    130.12637362637358
130.12637362637363    0.01    -1.0    130.12637362637358
130.12637362637363    0.01    -1.0    130.12637362637358
130.12637362637363    0.01    -1.0    130.1263736263736
130.12637362637363    0.01    -1.0    130.1263736263736
130.12637362637363    0.01    -1.0    130.1263736263736
130.12637362637363    0.01    -1.0    130.12637362637363

 Velocidade: 4.909883338738032
 Variação: -90.0
+-------------+
Medições   Variâncias  Restrições  Estimações
1261.1373626373627    0.01    1.0    1261.1373626373631
140.12637362637363    0.01    -1.0    140.12637362637366
140.12637362637363    0.01    -1.0    140.12637362637366
140.12637362637363    0.01    -1.0    140.12637362637366
140.12637362637363    0.01    -1.0    140.12637362637366
140.12637362637363    0.01    -1.0    140.12637362637366
140.12637362637363    0.01    -1.0    140.12637362637366
140.12637362637363    0.01    -1.0    140.12637362637363
140.12637362637363    0.01    -1.0    140.12637362637363
140.12637362637363    0.01    -1.0    140.12637362637363

 Velocidade: 4.559493671777152
 Variação: 30.0
+-------------+
Medições   Variâncias  Restrições  Estimações
1091.010989010989    0.01    1.0    1091.0109890109893
136.37637362637363    0.01    -1.0    136.3763736263736
136.37637362637363    0.01    -1.0    136.3763736263736
136.37637362637363    0.01    -1.0    136.37637362637363
136.37637362637363    0.01    -1.0    136.37637362637363
136.37637362637363    0.01    -1.0    136.37637362637363
136.37637362637363    0.01    -1.0    136.37637362637363
136.37637362637363    0.01    -1.0    136.37637362637366
136.37637362637363    0.01    -1.0    136.37637362637366

 Velocidade: 4.684868036958673
 Variação: -120.0
+-------------+
Medições   Variâncias  Restrições  Estimações
1074.6346153846155    0.01    1.0    1074.6346153846152
153.51923076923077    0.01    -1.0    153.51923076923072
153.51923076923077    0.01    -1.0    153.51923076923075
153.51923076923077    0.01    -1.0    153.51923076923075
153.51923076923077    0.01    -1.0    153.51923076923075
153.51923076923077    0.01    -1.0    153.51923076923077
153.51923076923077    0.01    -1.0    153.51923076923077
153.51923076923077    0.01    -1.0    153.51923076923077

 Velocidade: 4.161728212141257
 Variação: -90.0
+-------------+
Medições   Variâncias  Restrições  Estimações
1011.1153846153848    0.01    1.0    1011.1153846153849
168.5192307692308    0.01    -1.0    168.51923076923086
168.5192307692308    0.01    -1.0    168.51923076923086
168.5192307692308    0.01    -1.0    168.51923076923083
168.5192307692308    0.01    -1.0    168.51923076923083
168.5192307692308    0.01    -1.0    168.51923076923083
168.5192307692308    0.01    -1.0    168.5192307692308

 Velocidade: 3.7912902336555545
 Variação: 0.0
+-------------+
Medições   Variâncias  Restrições  Estimações
842.5961538461539    0.01    1.0    842.596153846154
168.51923076923077    0.01    -1.0    168.51923076923077
168.51923076923077    0.01    -1.0    168.51923076923077
168.51923076923077    0.01    -1.0    168.51923076923077
168.51923076923077    0.01    -1.0    168.51923076923077
168.51923076923077    0.01    -1.0    168.51923076923077

 Velocidade: 3.7912902336555563
 Variação: 90.0
+-------------+
Medições   Variâncias  Restrições  Estimações
584.0769230769231    0.01    1.0    584.0769230769232
146.01923076923077    0.01    -1.0    146.01923076923077
146.01923076923077    0.01    -1.0    146.01923076923077
146.01923076923077    0.01    -1.0    146.01923076923077
146.01923076923077    0.01    -1.0    146.01923076923077

 Velocidade: 4.375487464444046
 Variação: 30.0
+-------------+
Medições   Variâncias  Restrições  Estimações
408.0576923076923    0.01    1.0    408.0576923076923
136.01923076923077    0.01    -1.0    136.0192307692308
136.01923076923077    0.01    -1.0    136.01923076923077
136.01923076923077    0.01    -1.0    136.01923076923077

 Velocidade: 4.697168997246378
 Variação: 30.0
+-------------+
