Medições   Variâncias  Restrições  Estimações
1426.2000000000007    0.01    1.0    1426.2000000000007
95.08000000000006    0.01    -1.0    95.07999999999998
95.08000000000006    0.01    -1.0    95.07999999999998
95.08000000000006    0.01    -1.0    95.07999999999998
95.08000000000006    0.01    -1.0    95.08
95.08000000000006    0.01    -1.0    95.08
95.08000000000006    0.01    -1.0    95.08000000000001
95.08000000000006    0.01    -1.0    95.08000000000001
95.08000000000006    0.01    -1.0    95.08000000000003
95.08000000000006    0.01    -1.0    95.08000000000003
95.08000000000006    0.01    -1.0    95.08000000000003
95.08000000000006    0.01    -1.0    95.08000000000004
95.08000000000006    0.01    -1.0    95.08000000000004
95.08000000000006    0.01    -1.0    95.08000000000006
95.08000000000006    0.01    -1.0    95.08000000000006
95.08000000000006    0.01    -1.0    95.08000000000007

 Velocidade: 5.883328039757647
 Variação: -30.0
+-------------+
Medições   Variâncias  Restrições  Estimações
1361.1200000000006    0.01    1.0    1361.1200000000008
97.22285714285718    0.01    -1.0    97.2228571428571
97.22285714285718    0.01    -1.0    97.22285714285711
97.22285714285718    0.01    -1.0    97.22285714285711
97.22285714285718    0.01    -1.0    97.22285714285712
97.22285714285718    0.01    -1.0    97.22285714285712
97.22285714285718    0.01    -1.0    97.22285714285714
97.22285714285718    0.01    -1.0    97.22285714285714
97.22285714285718    0.01    -1.0    97.22285714285715
97.22285714285718    0.01    -1.0    97.22285714285715
97.22285714285718    0.01    -1.0    97.22285714285717
97.22285714285718    0.01    -1.0    97.22285714285717
97.22285714285718    0.01    -1.0    97.22285714285718
97.22285714285718    0.01    -1.0    97.22285714285718
97.22285714285718    0.01    -1.0    97.2228571428572

 Velocidade: 5.753655533885477
 Variação: 60.0
+-------------+
Medições   Variâncias  Restrições  Estimações
1203.8971428571433    0.01    1.0    1203.8971428571435
92.60747252747257    0.01    -1.0    92.6074725274725
92.60747252747257    0.01    -1.0    92.60747252747251
92.60747252747257    0.01    -1.0    92.60747252747251
92.60747252747257    0.01    -1.0    92.60747252747252
92.60747252747257    0.01    -1.0    92.60747252747252
92.60747252747257    0.01    -1.0    92.60747252747254
92.60747252747257    0.01    -1.0    92.60747252747254
92.60747252747257    0.01    -1.0    92.60747252747254
92.60747252747257    0.01    -1.0    92.60747252747255
92.60747252747257    0.01    -1.0    92.60747252747255
92.60747252747257    0.01    -1.0    92.60747252747257
92.60747252747257    0.01    -1.0    92.60747252747257
92.60747252747257    0.01    -1.0    92.60747252747258

 Velocidade: 6.040407050891189
 Variação: -30.0
+-------------+
Medições   Variâncias  Restrições  Estimações
1141.2896703296708    0.01    1.0    1141.2896703296708
95.10747252747257    0.01    -1.0    95.10747252747257
95.10747252747257    0.01    -1.0    95.10747252747257
95.10747252747257    0.01    -1.0    95.10747252747257
95.10747252747257    0.01    -1.0    95.10747252747257
95.10747252747257    0.01    -1.0    95.10747252747257
95.10747252747257    0.01    -1.0    95.10747252747257
95.10747252747257    0.01    -1.0    95.10747252747257
95.10747252747257    0.01    -1.0    95.10747252747257
95.10747252747257    0.01    -1.0    95.10747252747257
95.10747252747257    0.01    -1.0    95.10747252747258
95.10747252747257    0.01    -1.0    95.10747252747258
95.10747252747257    0.01    -1.0    95.10747252747258

 Velocidade: 5.8816285950462355
 Variação: 30.0
+-------------+
Medições   Variâncias  Restrições  Estimações
1016.1821978021983    0.01    1.0    1016.1821978021985
92.38019980019985    0.01    -1.0    92.38019980019989
92.38019980019985    0.01    -1.0    92.38019980019989
92.38019980019985    0.01    -1.0    92.38019980019988
92.38019980019985    0.01    -1.0    92.38019980019988
92.38019980019985    0.01    -1.0    92.38019980019988
92.38019980019985    0.01    -1.0    92.38019980019986
92.38019980019985    0.01    -1.0    92.38019980019986
92.38019980019985    0.01    -1.0    92.38019980019986
92.38019980019985    0.01    -1.0    92.38019980019985
92.38019980019985    0.01    -1.0    92.38019980019985
92.38019980019985    0.01    -1.0    92.38019980019983

 Velocidade: 6.055267592297917
 Variação: -150.0
+-------------+
Medições   Variâncias  Restrições  Estimações
1073.8019980019985    0.01    1.0    1073.801998001998
107.38019980019985    0.01    -1.0    107.38019980019989
107.38019980019985    0.01    -1.0    107.38019980019989
107.38019980019985    0.01    -1.0    107.38019980019989
107.38019980019985    0.01    -1.0    107.38019980019988
107.38019980019985    0.01    -1.0    107.38019980019988
107.38019980019985    0.01    -1.0    107.38019980019988
107.38019980019985    0.01    -1.0    107.38019980019988
107.38019980019985    0.01    -1.0    107.38019980019988
107.38019980019985    0.01    -1.0    107.38019980019986
107.38019980019985    0.01    -1.0    107.38019980019986

 Velocidade: 5.209403885083064
 Variação: -90.0
+-------------+
Medições   Variâncias  Restrições  Estimações
1056.4217982017988    0.01    1.0    1056.4217982017988
117.38019980019986    0.01    -1.0    117.38019980019989
117.38019980019986    0.01    -1.0    117.38019980019989
117.38019980019986    0.01    -1.0    117.38019980019988
117.38019980019986    0.01    -1.0    117.38019980019988
117.38019980019986    0.01    -1.0    117.38019980019988
117.38019980019986    0.01    -1.0    117.38019980019986
117.38019980019986    0.01    -1.0    117.38019980019986
117.38019980019986    0.01    -1.0    117.38019980019985
117.38019980019986    0.01    -1.0    117.38019980019985

 Velocidade: 4.765597868910803
 Variação: 0.0
+-------------+
Medições   Variâncias  Restrições  Estimações
939.0415984015989    0.01    1.0    939.0415984015992
117.38019980019986    0.01    -1.0    117.38019980019992
117.38019980019986    0.01    -1.0    117.3801998001999
117.38019980019986    0.01    -1.0    117.3801998001999
117.38019980019986    0.01    -1.0    117.38019980019989
117.38019980019986    0.01    -1.0    117.38019980019989
117.38019980019986    0.01    -1.0    117.38019980019988
117.38019980019986    0.01    -1.0    117.38019980019988
117.38019980019986    0.01    -1.0    117.38019980019988

 Velocidade: 4.7655978689108025
 Variação: 30.0
+-------------+
Medições   Variâncias  Restrições  Estimações
791.661398601399    0.01    1.0    791.661398601399
113.09448551448557    0.01    -1.0    113.09448551448556
113.09448551448557    0.01    -1.0    113.09448551448556
113.09448551448557    0.01    -1.0    113.09448551448556
113.09448551448557    0.01    -1.0    113.09448551448556
113.09448551448557    0.01    -1.0    113.09448551448556
113.09448551448557    0.01    -1.0    113.09448551448556
113.09448551448557    0.01    -1.0    113.09448551448556

 Velocidade: 4.94619014778142
 Variação: -30.0
+-------------+
Medições   Variâncias  Restrições  Estimações
708.5669130869135    0.01    1.0    708.5669130869134
118.09448551448558    0.01    -1.0    118.09448551448557
118.09448551448558    0.01    -1.0    118.0944855144856
118.09448551448558    0.01    -1.0    118.09448551448558
118.09448551448558    0.01    -1.0    118.09448551448558
118.09448551448558    0.01    -1.0    118.09448551448558
118.09448551448558    0.01    -1.0    118.09448551448557

 Velocidade: 4.7367735045642085
 Variação: -90.0
+-------------+
Medições   Variâncias  Restrições  Estimações
680.4724275724279    0.01    1.0    680.4724275724279
136.0944855144856    0.01    -1.0    136.0944855144856
136.0944855144856    0.01    -1.0    136.0944855144856
136.0944855144856    0.01    -1.0    136.0944855144856
136.0944855144856    0.01    -1.0    136.0944855144856
136.0944855144856    0.01    -1.0    136.0944855144856

 Velocidade: 4.110282851692893
 Variação: -90.0
+-------------+
