Medições   Variâncias  Restrições  Estimações
1791.45    0.01    1.0    1791.450000000001
119.43    0.01    -1.0    119.43000000000004
119.43    0.01    -1.0    119.43000000000004
119.43    0.01    -1.0    119.43000000000004
119.43    0.01    -1.0    119.43000000000004
119.43    0.01    -1.0    119.43000000000004
119.43    0.01    -1.0    119.43000000000004
119.43    0.01    -1.0    119.43000000000004
119.43    0.01    -1.0    119.43000000000002
119.43    0.01    -1.0    119.43000000000002
119.43    0.01    -1.0    119.43000000000002
119.43    0.01    -1.0    119.43000000000002
119.43    0.01    -1.0    119.43000000000002
119.43    0.01    -1.0    119.43000000000002
119.43    0.01    -1.0    119.43000000000002
119.43    0.01    -1.0    119.43000000000002

 Velocidade: 5.029173695693414
 Variação: 30.0
+-------------+
Medições   Variâncias  Restrições  Estimações
1642.02    0.01    1.0    1642.02
117.28714285714285    0.01    -1.0    117.28714285714291
117.28714285714285    0.01    -1.0    117.28714285714291
117.28714285714285    0.01    -1.0    117.28714285714291
117.28714285714285    0.01    -1.0    117.2871428571429
117.28714285714285    0.01    -1.0    117.2871428571429
117.28714285714285    0.01    -1.0    117.2871428571429
117.28714285714285    0.01    -1.0    117.28714285714288
117.28714285714285    0.01    -1.0    117.28714285714288
117.28714285714285    0.01    -1.0    117.28714285714288
117.28714285714285    0.01    -1.0    117.28714285714288
117.28714285714285    0.01    -1.0    117.28714285714287
117.28714285714285    0.01    -1.0    117.28714285714287
117.28714285714285    0.01    -1.0    117.28714285714287
117.28714285714285    0.01    -1.0    117.28714285714285

 Velocidade: 5.121057601413686
 Variação: 90.0
+-------------+
Medições   Variâncias  Restrições  Estimações
1434.732857142857    0.01    1.0    1434.7328571428563
110.36406593406592    0.01    -1.0    110.36406593406593
110.36406593406592    0.01    -1.0    110.36406593406593
110.36406593406592    0.01    -1.0    110.36406593406593
110.36406593406592    0.01    -1.0    110.36406593406593
110.36406593406592    0.01    -1.0    110.36406593406593
110.36406593406592    0.01    -1.0    110.36406593406592
110.36406593406592    0.01    -1.0    110.36406593406592
110.36406593406592    0.01    -1.0    110.36406593406592
110.36406593406592    0.01    -1.0    110.36406593406592
110.36406593406592    0.01    -1.0    110.36406593406592
110.36406593406592    0.01    -1.0    110.3640659340659
110.36406593406592    0.01    -1.0    110.3640659340659
110.36406593406592    0.01    -1.0    110.3640659340659

 Velocidade: 5.442298717369633
 Variação: 60.0
+-------------+
Medições   Variâncias  Restrições  Estimações
1264.3687912087912    0.01    1.0    1264.3687912087908
105.36406593406593    0.01    -1.0    105.3640659340659
105.36406593406593    0.01    -1.0    105.3640659340659
105.36406593406593    0.01    -1.0    105.3640659340659
105.36406593406593    0.01    -1.0    105.3640659340659
105.36406593406593    0.01    -1.0    105.3640659340659
105.36406593406593    0.01    -1.0    105.3640659340659
105.36406593406593    0.01    -1.0    105.3640659340659
105.36406593406593    0.01    -1.0    105.36406593406592
105.36406593406593    0.01    -1.0    105.36406593406592
105.36406593406593    0.01    -1.0    105.36406593406592
105.36406593406593    0.01    -1.0    105.36406593406592
105.36406593406593    0.01    -1.0    105.36406593406592

 Velocidade: 5.70056033005148
 Variação: -90.0
+-------------+
Medições   Variâncias  Restrições  Estimações
1249.0047252747254    0.01    1.0    1249.004725274725
113.54588411588412    0.01    -1.0    113.5458841158841
113.54588411588412    0.01    -1.0    113.54588411588412
113.54588411588412    0.01    -1.0    113.54588411588412
113.54588411588412    0.01    -1.0    113.54588411588412
113.54588411588412    0.01    -1.0    113.54588411588412
113.54588411588412    0.01    -1.0    113.54588411588412
113.54588411588412    0.01    -1.0    113.54588411588412
113.54588411588412    0.01    -1.0    113.54588411588412
113.54588411588412    0.01    -1.0    113.54588411588412
113.54588411588412    0.01    -1.0    113.54588411588414
113.54588411588412    0.01    -1.0    113.54588411588414

 Velocidade: 5.2897929251549245
 Variação: 60.0
+-------------+
Medições   Variâncias  Restrições  Estimações
1075.4588411588413    0.01    1.0    1075.458841158842
107.54588411588414    0.01    -1.0    107.54588411588409
107.54588411588414    0.01    -1.0    107.5458841158841
107.54588411588414    0.01    -1.0    107.5458841158841
107.54588411588414    0.01    -1.0    107.54588411588412
107.54588411588414    0.01    -1.0    107.54588411588412
107.54588411588414    0.01    -1.0    107.54588411588412
107.54588411588414    0.01    -1.0    107.54588411588414
107.54588411588414    0.01    -1.0    107.54588411588414
107.54588411588414    0.01    -1.0    107.54588411588415
107.54588411588414    0.01    -1.0    107.54588411588415

 Velocidade: 5.5849112164019425
 Variação: 30.0
+-------------+
Medições   Variâncias  Restrições  Estimações
937.9129570429573    0.01    1.0    937.9129570429575
104.2125507825508    0.01    -1.0    104.21255078255078
104.2125507825508    0.01    -1.0    104.21255078255078
104.2125507825508    0.01    -1.0    104.21255078255078
104.2125507825508    0.01    -1.0    104.21255078255078
104.2125507825508    0.01    -1.0    104.21255078255078
104.2125507825508    0.01    -1.0    104.21255078255079
104.2125507825508    0.01    -1.0    104.21255078255079
104.2125507825508    0.01    -1.0    104.21255078255079
104.2125507825508    0.01    -1.0    104.2125507825508

 Velocidade: 5.7635496873111185
 Variação: 0.0
+-------------+
Medições   Variâncias  Restrições  Estimações
833.7004062604065    0.01    1.0    833.7004062604065
104.2125507825508    0.01    -1.0    104.21255078255078
104.2125507825508    0.01    -1.0    104.21255078255079
104.2125507825508    0.01    -1.0    104.21255078255079
104.2125507825508    0.01    -1.0    104.21255078255079
104.2125507825508    0.01    -1.0    104.2125507825508
104.2125507825508    0.01    -1.0    104.2125507825508
104.2125507825508    0.01    -1.0    104.2125507825508
104.2125507825508    0.01    -1.0    104.21255078255082

 Velocidade: 5.7635496873111185
 Variação: -150.0
+-------------+
Medições   Variâncias  Restrições  Estimações
879.4878554778556    0.01    1.0    879.4878554778559
125.64112221112224    0.01    -1.0    125.6411222111222
125.64112221112224    0.01    -1.0    125.6411222111222
125.64112221112224    0.01    -1.0    125.64112221112222
125.64112221112224    0.01    -1.0    125.64112221112222
125.64112221112224    0.01    -1.0    125.64112221112222
125.64112221112224    0.01    -1.0    125.64112221112224
125.64112221112224    0.01    -1.0    125.64112221112224

 Velocidade: 4.78055435916422
 Variação: 60.0
+-------------+
Medições   Variâncias  Restrições  Estimações
693.8467332667334    0.01    1.0    693.8467332667336
115.64112221112224    0.01    -1.0    115.6411222111222
115.64112221112224    0.01    -1.0    115.64112221112221
115.64112221112224    0.01    -1.0    115.64112221112221
115.64112221112224    0.01    -1.0    115.64112221112222
115.64112221112224    0.01    -1.0    115.64112221112222
115.64112221112224    0.01    -1.0    115.64112221112224

 Velocidade: 5.193950067175122
 Variação: 90.0
+-------------+
Medições   Variâncias  Restrições  Estimações
488.20561105561114    0.01    1.0    488.2056110556111
97.64112221112222    0.01    -1.0    97.6411222111222
97.64112221112222    0.01    -1.0    97.6411222111222
97.64112221112222    0.01    -1.0    97.6411222111222
97.64112221112222    0.01    -1.0    97.64112221112221
97.64112221112222    0.01    -1.0    97.64112221112221

 Velocidade: 6.151447268067624
 Variação: -30.0
+-------------+
Medições   Variâncias  Restrições  Estimações
420.5644888444889    0.01    1.0    420.5644888444889
105.14112221112222    0.01    -1.0    105.14112221112222
105.14112221112222    0.01    -1.0    105.14112221112222
105.14112221112222    0.01    -1.0    105.14112221112222
105.14112221112222    0.01    -1.0    105.14112221112221

 Velocidade: 5.712647933038014
 Variação: 30.0
+-------------+
Medições   Variâncias  Restrições  Estimações
285.42336663336664    0.01    1.0    285.42336663336664
95.14112221112221    0.01    -1.0    95.1411222111222
95.14112221112221    0.01    -1.0    95.1411222111222
95.14112221112221    0.01    -1.0    95.1411222111222

 Velocidade: 6.313087343492037
 Variação: 0.0
+-------------+
